Time (s)	WE(1).Potential (V)	OCP value (V)
2.74375799307268	0.6292724609375	0.62957763671875
3.74375799054792	0.6292724609375	
4.74375798802316	0.6292724609375	
5.74375798549841	0.6292724609375	
6.74375798297365	0.6292724609375	
7.74375798044889	0.6292724609375	
8.74375797792413	0.6292724609375	
9.74375797539938	0.6292724609375	
10.7437579728746	0.62957763671875	
11.7437579703499	0.62957763671875	
12.7437579678251	0.62957763671875	
13.7437579653003	0.62957763671875	
14.7437579627756	0.62957763671875	
15.7437579602508	0.62957763671875	
16.7437579577261	0.62957763671875	
17.7437579552013	0.62957763671875	
