Time (s)	WE(1).Potential (V)	External(1).External 2 (V)
8.22485697923423	-0.059234619140625	2.66845703125
9.22485697670948	-0.0596923828125	2.6690673828125
10.2248569741847	-0.059112548828125	2.66815185546875
11.22485697166	-0.058807373046875	2.6690673828125
12.2248569691352	-0.05902099609375	2.66876220703125
13.2248569666104	-0.05859375	2.6678466796875
14.2248569640857	-0.058563232421875	2.66845703125
15.2248569615609	-0.05859375	2.6678466796875
16.2248569590362	-0.058807373046875	2.66998291015625
17.2248569565114	-0.05902099609375	2.66937255859375
18.2248569539867	-0.059112548828125	2.6690673828125
19.2248569514619	-0.05926513671875	2.6690673828125
20.2248569489371	-0.05908203125	2.6678466796875
21.2248569464124	-0.05816650390625	2.66937255859375
22.2248569438876	-0.05908203125	2.6678466796875
23.2248569413629	-0.059051513671875	2.66876220703125
24.2248569388381	-0.058502197265625	2.66876220703125
25.2248569363134	-0.058624267578125	2.66815185546875
26.2248569337886	-0.055938720703125	2.6678466796875
27.2248569312638	-0.0531005859375	2.66876220703125
28.2248569287391	-0.05859375	2.669677734375
29.2248569262143	-0.059112548828125	2.66937255859375
30.2248569236896	-0.059783935546875	2.66815185546875
31.2248569211648	-0.06036376953125	2.669677734375
32.2248569186401	-0.05963134765625	2.66845703125
33.2248569161153	-0.059814453125	2.66754150390625
34.2248569135905	-0.06024169921875	2.66876220703125
35.2248569110658	-0.060455322265625	2.66937255859375
36.224856908541	-0.060028076171875	2.66754150390625
37.2248569060163	-0.060699462890625	2.66815185546875
