Time (s)	WE(1).Potential (V)
3.14622999205653	0.5010986328125
4.14622998953178	0.50262451171875
5.14622998700702	0.504150390625
6.14622998448226	0.50537109375
7.1462299819575	0.50689697265625
8.14622997943275	0.50811767578125
9.14622997690799	0.50933837890625
10.1462299743832	0.51055908203125
11.1462299718585	0.51177978515625
12.1462299693337	0.51300048828125
13.146229966809	0.51422119140625
14.1462299642842	0.51544189453125
15.1462299617594	0.51666259765625
16.1462299592347	0.51788330078125
17.1462299567099	0.51910400390625
18.1462299541852	0.52001953125
19.1462299516604	0.5206298828125
20.1462299491357	0.5218505859375
21.1462299466109	0.52276611328125
22.1462299440861	0.523681640625
23.1462299415614	0.52459716796875
24.1462299390366	0.52520751953125
25.1462299365119	0.526123046875
26.1462299339871	0.52734375
27.1462299314624	0.52825927734375
28.1462299289376	0.5291748046875
29.1462299264128	0.52978515625
30.1462299238881	0.53070068359375
31.1462299213633	0.5316162109375
32.1462299188386	0.53253173828125
