Time (s)	WE(1).Potential (V)
9.56388197585352	0.59722900390625
10.5638819733288	0.59722900390625
11.563881970804	0.59722900390625
12.5638819682792	0.59722900390625
13.5638819657545	0.5975341796875
14.5638819632297	0.5975341796875
15.563881960705	0.5975341796875
16.5638819581802	0.5975341796875
17.5638819556555	0.59722900390625
18.5638819531307	0.59722900390625
19.5638819506059	0.59722900390625
20.5638819480812	0.59722900390625
21.5638819455564	0.59722900390625
22.5638819430317	0.596923828125
23.5638819405069	0.59661865234375
24.5638819379822	0.59539794921875
25.5638819354574	0.59539794921875
26.5638819329326	0.5950927734375
27.5638819304079	0.5950927734375
28.5638819278831	0.5950927734375
29.5638819253584	0.5950927734375
30.5638819228336	0.59478759765625
31.5638819203089	0.59478759765625
32.5638819177841	0.594482421875
33.5638819152593	0.594482421875
34.5638819127346	0.594482421875
35.5638819102098	0.594482421875
36.5638819076851	0.59417724609375
37.5638819051603	0.59417724609375
38.5638819026356	0.59417724609375
