Time (s)	OCP value (V)
10.9359069723895	0.395294189453125
11.9359069698647	
12.93590696734	
13.9359069648152	
14.9359069622905	
15.9359069597657	
16.9359069572409	
17.9359069547162	
18.9359069521914	
19.9359069496667	
20.9359069471419	
21.9359069446172	
22.9359069420924	
23.9359069395676	
24.9359069370429	
25.9359069345181	
26.9359069319934	
27.9359069294686	
28.9359069269439	
29.9359069244191	
30.9359069218943	
31.9359069193696	
32.9359069168448	
33.9359069143201	
34.9359069117953	
35.9359069092706	
36.9359069067458	
37.935906904221	
38.9359069016963	
39.9359068991715	
40.9359068966468	
41.935906894122	
42.9359068915973	
43.9359068890725	
44.9359068865477	
45.935906884023	
46.9359068814982	
47.9359068789735	
48.9359068764487	
49.935906873924	
50.9359068713992	
51.9359068688744	
52.9359068663497	
53.9359068638249	
54.9359068613002	
55.9359068587754	
56.9359068562507	
57.9359068537259	
58.9359068512011	
59.9359068486764	
60.9359068461516	
61.9359068436269	
62.9359068411021	
63.9359068385774	
64.9359068360526	
65.9359068335278	
66.9359068310031	
67.9359068284783	
68.9359068259536	
69.9359068234288	
