History Channel Functions Measurement Report

Measurements started at Date: 06-sep-2023 Time: 11:06:42

Description of the Function:

User Defined Function: m(1;550). Scope Mode

Time         Seconds   Function Value
11:06:43.338      0,556       5919,9254
11:06:43.859      1,077       5934,4960
11:06:44.383      1,601       5914,4694
11:06:44.956      2,174       5909,0495
11:06:45.476      2,694       5894,2852
11:06:46.024      3,242       5917,3278
11:06:46.646      3,864       5918,0306
11:06:47.149      4,367       5913,8876
11:06:47.689      4,907       5935,6158
11:06:48.242      5,460       5935,2677
11:06:48.845      6,063       5940,7403
11:06:49.364      6,582       5901,1467
11:06:49.887      7,105       5923,2206
11:06:50.404      7,622       5924,2673
11:06:50.904      8,122       5937,0179
11:06:51.430      8,648       5938,9190
11:06:51.974      9,192       5956,7494
11:06:52.586      9,804       5961,9990
11:06:53.160     10,378       5923,6347
11:06:53.725     10,943       5940,0523
11:06:54.228     11,446       5956,7085
11:06:54.744     11,962       5932,6206
11:06:55.313     12,531       5973,7069
11:06:55.888     13,106       5957,7132
11:06:56.453     13,671       5951,9311
11:06:57.030     14,248       5980,2188
11:06:57.670     14,888       5984,4830
11:06:58.301     15,519       6002,3935
11:06:58.857     16,075       5965,3164
11:06:59.402     16,620       5991,4947
11:06:59.993     17,211       5967,6398
11:07:00.592     17,810       5966,7055
11:07:01.117     18,335       5966,5956
11:07:01.728     18,946       5996,5385
11:07:02.303     19,521       5985,4221
11:07:02.834     20,052       5985,7086
11:07:03.430     20,648       5991,0141
11:07:03.981     21,199       5984,7910
11:07:04.503     21,721       5998,5305
11:07:05.111     22,329       5980,7979
11:07:05.648     22,866       5969,1407
11:07:06.233     23,451       6009,3494
11:07:06.811     24,029       5990,3592
11:07:07.399     24,617       6000,2111
11:07:07.927     25,145       5978,0717
11:07:08.556     25,774       5999,7758
11:07:09.178     26,396       6028,1315
11:07:09.723     26,941       6026,5891
11:07:10.271     27,489       6031,2349
11:07:10.799     28,017       6016,3516
11:07:11.372     28,590       6044,9740
11:07:11.924     29,142       6037,6458
11:07:12.436     29,654       6055,2340
11:07:13.008     30,226       6042,0273
11:07:13.520     30,738       6063,3170
11:07:14.148     31,366       6064,1255
11:07:14.709     31,927       6083,0168
11:07:15.267     32,485       6062,5883
11:07:15.820     33,038       6047,8301
11:07:16.340     33,558       6058,7919
11:07:16.861     34,079       6088,5004
11:07:17.428     34,646       6068,6764
11:07:17.960     35,178       6087,3822
11:07:18.511     35,729       6077,3054
11:07:19.023     36,241       6071,9288
11:07:19.609     36,827       6065,4432
11:07:20.161     37,379       6087,7256
11:07:20.796     38,014       6054,1712
11:07:21.303     38,521       6070,6418
11:07:21.909     39,127       6100,3980
11:07:22.518     39,736       6127,7227
11:07:23.052     40,270       6104,5066
11:07:23.592     40,810       6102,8336
11:07:24.155     41,373       6073,5325
11:07:24.751     41,969       6102,3121
11:07:25.375     42,593       6143,2846
11:07:25.949     43,167       6102,6999
11:07:26.531     43,749       6126,5046
11:07:27.062     44,280       6086,8384
11:07:27.580     44,798       6102,3144
11:07:28.175     45,393       6085,0616
11:07:28.740     45,958       6096,8422
11:07:29.299     46,517       6099,7245
11:07:29.918     47,136       6099,3785
11:07:30.486     47,704       6108,8167
11:07:31.081     48,299       6127,7923
11:07:31.635     48,853       6112,2939
11:07:32.182     49,400       6137,7908
11:07:32.700     49,918       6123,1300
11:07:33.309     50,527       6141,5928
11:07:33.837     51,055       6115,3826
11:07:34.377     51,595       6149,2409
11:07:34.906     52,124       6147,9159
11:07:35.488     52,706       6121,1340
11:07:36.008     53,226       6130,5659
11:07:36.511     53,729       6121,8879
11:07:37.076     54,294       6135,6699
11:07:37.626     54,844       6312,6569
11:07:38.223     55,441       6167,0153
11:07:38.743     55,961       6170,4557
11:07:39.327     56,545       6159,4354
11:07:39.896     57,114       6164,6941
11:07:40.497     57,715       6161,5971
11:07:41.108     58,326       6180,2941
11:07:41.692     58,910       6188,2087
11:07:42.229     59,447       6165,4150
11:07:42.774     59,992       6199,0829
11:07:43.304     60,522       6172,4402
11:07:43.831     61,049       6197,8618
11:07:44.350     61,568       6177,7046
11:07:44.945     62,163       6156,5331
11:07:45.491     62,709       6158,6833
11:07:46.084     63,302       6206,0559
11:07:46.686     63,904       6164,3889
11:07:47.194     64,412       6183,6419
11:07:47.769     64,987       6201,8683
11:07:48.329     65,547       6178,1241
11:07:48.941     66,159       6203,9717
11:07:49.536     66,754       6200,8410
11:07:50.126     67,344       6199,0304
11:07:50.636     67,854       6171,2150
11:07:51.225     68,443       6175,6258
11:07:51.798     69,016       6192,1200
11:07:52.382     69,600       6185,2591
11:07:52.921     70,139       6193,9547
11:07:53.455     70,673       6167,9014
11:07:53.985     71,203       6191,9918
11:07:54.539     71,757       6226,8970
11:07:55.148     72,366       6161,9249
11:07:55.747     72,965       6206,9160
11:07:56.350     73,568       6194,0400
11:07:56.925     74,143       6211,1171
11:07:57.540     74,758       6231,4340
11:07:58.148     75,366       6249,1398
11:07:58.698     75,916       6213,8443
11:07:59.239     76,457       6215,9829
11:07:59.776     76,994       6257,4145
11:08:00.317     77,535       6261,4593
11:08:00.922     78,140       6296,9177
11:08:01.461     78,679       6311,2245
11:08:01.982     79,200       6279,6690
11:08:02.511     79,729       6273,5808
11:08:03.128     80,346       6235,0694
11:08:03.679     80,897       6291,6718
11:08:04.200     81,418       6302,7738
11:08:04.711     81,929       6299,0687
11:08:05.308     82,526       6342,8184
11:08:05.869     83,087       6269,8559
11:08:06.413     83,631       6305,3826
11:08:06.996     84,214       6304,6015
11:08:07.555     84,773       6269,1760
11:08:08.123     85,341       6303,5955
11:08:08.668     85,886       6318,9721
11:08:09.279     86,497       6323,4302
11:08:09.785     87,003       6295,1797
11:08:10.367     87,585       6301,2259
11:08:10.944     88,162       6309,4469
11:08:11.496     88,714       6348,2976
11:08:12.074     89,292       6296,1480
11:08:12.659     89,877       6322,1267
11:08:13.219     90,437       6325,9123
11:08:13.742     90,960       6324,7235
11:08:14.248     91,466       6277,2910
11:08:14.863     92,081       6249,7822
11:08:15.443     92,661       6251,7166
11:08:15.992     93,210       6278,0343
11:08:16.528     93,746       6289,5393
11:08:17.053     94,271       6293,2932
11:08:17.603     94,821       6242,2671
11:08:18.178     95,396       6231,1071
11:08:18.720     95,938       6240,0884
11:08:19.266     96,484       6256,4135
11:08:19.822     97,040       6240,9005
11:08:20.349     97,567       6238,2138
11:08:20.954     98,172       6270,4128
11:08:21.491     98,709       6246,3094
11:08:22.122     99,340       6252,5496
11:08:22.676     99,894       6263,9210
11:08:23.283    100,501       6267,5077
11:08:23.853    101,071       6274,1276
11:08:24.399    101,617       6255,8919
11:08:24.962    102,180       6265,1605
11:08:25.541    102,759       6275,0520
11:08:26.064    103,282       6242,6819
11:08:26.614    103,832       6265,5777
11:08:27.186    104,404       6256,3995
11:08:27.692    104,910       6255,7373
11:08:28.330    105,548       6257,3160
11:08:28.864    106,082       6276,8351
11:08:29.427    106,645       6256,1497
11:08:29.965    107,183       6262,5728
11:08:30.480    107,698       6255,6011
11:08:31.057    108,275       6258,9430
11:08:31.658    108,876       6237,2549
11:08:32.195    109,413       6237,4991
11:08:32.757    109,975       6239,4761
11:08:33.336    110,554       6244,1275
11:08:33.837    111,055       6238,8029
11:08:34.443    111,661       6242,3485
11:08:35.012    112,230       6249,1426
11:08:35.582    112,800       6243,6717
11:08:36.112    113,330       6259,4980
11:08:36.663    113,881       6277,6216
11:08:37.268    114,486       6233,8950
11:08:37.793    115,011       6241,2419
11:08:38.300    115,518       6250,4043
11:08:38.834    116,052       6234,5154
11:08:39.372    116,590       6260,2644
11:08:39.930    117,148       6251,1372
11:08:40.451    117,669       6235,9725
11:08:41.009    118,227       6239,6982
11:08:41.559    118,777       6270,2402
11:08:42.117    119,335       6234,7530
11:08:42.679    119,897       6267,7216
11:08:43.179    120,397       6271,9490
11:08:43.707    120,925       6250,9424
11:08:44.311    121,529       6276,7778
11:08:44.938    122,156       6233,8620
11:08:45.483    122,701       6256,8908
11:08:46.015    123,233       6247,9786
11:08:46.569    123,787       6256,1213
11:08:47.158    124,376       6293,6716
11:08:47.732    124,950       6266,1206
11:08:48.255    125,473       6281,2048
11:08:48.861    126,079       6277,5065
11:08:49.424    126,642       6284,4706
11:08:50.000    127,218       6280,5544
11:08:50.521    127,739       6286,8578
11:08:51.123    128,341       6292,3985
11:08:51.703    128,921       6278,3140
11:08:52.289    129,507       6283,3783
11:08:52.865    130,083       6270,8560
11:08:53.384    130,602       6279,4764
11:08:53.905    131,123       6258,7089
11:08:54.407    131,625       6280,1989
11:08:54.914    132,132       6297,6266
11:08:55.531    132,749       6253,0091
11:08:56.050    133,268       6288,7995
11:08:56.631    133,849       6276,2518
11:08:57.200    134,418       6253,9074
11:08:57.733    134,951       6268,8751
11:08:58.251    135,469       6283,4163
11:08:58.819    136,037       6252,9437
11:08:59.405    136,623       6250,9929
11:09:00.024    137,242       6286,4474
11:09:00.580    137,798       6251,2175
11:09:01.133    138,351       6285,5024
11:09:01.669    138,887       6268,5142
11:09:02.198    139,416       6256,3686
11:09:02.739    139,957       6255,8745
11:09:03.297    140,515       6234,0557
11:09:03.834    141,052       6248,3068
11:09:04.460    141,678       6251,1207
11:09:05.014    142,232       6281,6502
11:09:05.597    142,815       6294,7510
11:09:06.103    143,321       6286,1107
11:09:06.690    143,908       6291,2201
11:09:07.288    144,506       6284,2834
11:09:07.866    145,084       6250,8181
11:09:08.393    145,611       6301,3082
11:09:08.951    146,169       6307,3862
11:09:09.486    146,704       6298,4493
11:09:10.075    147,293       6280,4405
11:09:10.598    147,816       6295,5166
11:09:11.197    148,415       6308,1091
11:09:11.697    148,915       6276,4291
11:09:12.243    149,461       6291,4094
11:09:12.844    150,062       6318,0615
11:09:13.409    150,627       6300,4293
11:09:13.961    151,179       6336,7230
11:09:14.496    151,714       6330,1509
11:09:14.999    152,217       6318,6635
11:09:15.545    152,763       6340,6672
11:58:40.846   3118,064      27348,7688
11:58:41.437   3118,655      27302,2244
11:58:41.950   3119,168      27366,1821
11:58:42.566   3119,784      27300,0913
11:58:43.157   3120,375      27290,4402
11:58:43.682   3120,900      27261,0322
11:58:44.228   3121,446      27261,6212
11:58:44.779   3121,997      27246,8622
11:58:45.304   3122,522      27289,1229
11:58:45.839   3123,057      27314,0778
11:58:46.433   3123,651      27279,3698
11:58:46.996   3124,214      27316,7741
11:58:47.542   3124,760      27293,6613
11:58:48.087   3125,305      27357,9751
11:58:48.632   3125,850      27372,8252
11:58:49.210   3126,428      27364,2595
11:58:49.763   3126,981      27345,2364
11:58:50.350   3127,568      27346,7287
11:58:50.944   3128,162      27359,1427
11:58:51.515   3128,733      27401,9237
11:58:52.069   3129,287      27412,0826
11:58:52.637   3129,855      27392,8390
11:58:53.189   3130,407      27356,7107
11:58:53.764   3130,982      27412,6111
11:58:54.365   3131,583      27380,6026
11:58:54.960   3132,178      27357,3474
11:58:55.546   3132,764      27416,6265
11:58:56.130   3133,348      27388,4171
11:58:56.717   3133,935      27364,5091
11:58:57.308   3134,526      27338,2461
11:58:57.891   3135,109      27448,5320
11:58:58.463   3135,681      27369,2940
11:58:58.982   3136,200      27366,6733
11:58:59.509   3136,727      27419,6415
11:59:00.093   3137,311      27353,7234
11:59:00.661   3137,879      27389,8094
11:59:01.204   3138,422      27346,8817
11:59:01.762   3138,980      27378,5069
11:59:02.280   3139,498      27376,2986
11:59:02.796   3140,014      27338,3675
11:59:03.363   3140,581      27380,4997
11:59:03.879   3141,097      27384,3944
11:59:04.394   3141,612      27369,5419
11:59:04.933   3142,151      27400,7861
11:59:05.499   3142,717      27342,5371
11:59:06.015   3143,233      27184,8573
11:59:06.531   3143,749      27305,1668
11:59:07.044   3144,262      27356,1704
11:59:07.579   3144,797      27360,5966
11:59:08.093   3145,311      27356,6795
11:59:08.629   3145,847      27367,4464
11:59:09.146   3146,364      27342,4140
11:59:09.681   3146,899      27354,2627
11:59:10.239   3147,457      27354,7583
11:59:10.787   3148,005      27334,0379
11:59:11.316   3148,534      27352,8689
11:59:11.838   3149,056      27331,0468
11:59:12.427   3149,645      27387,9050
11:59:12.946   3150,164      27398,6189
11:59:13.481   3150,699      27356,3633
11:59:14.029   3151,247      27334,4089
11:59:14.583   3151,801      27318,2591
11:59:15.110   3152,328      27331,7903
11:59:15.626   3152,844      27345,4447
11:59:16.166   3153,384      27312,2504
11:59:16.728   3153,946      27315,2673
11:59:17.290   3154,508      27322,2930
11:59:17.842   3155,060      27305,8216
11:59:18.361   3155,579      27306,1109
11:59:18.917   3156,135      27316,8803
11:59:19.453   3156,671      27341,7662
11:59:19.971   3157,189      27329,4736
11:59:20.493   3157,711      27276,3382
11:59:21.027   3158,245      27317,3885
11:59:21.543   3158,761      27223,3688
11:59:22.069   3159,287      27215,5264
11:59:22.586   3159,804      27302,1696
11:59:23.110   3160,328      27322,2367
11:59:23.631   3160,849      27324,5600
11:59:24.243   3161,461      27353,9239
11:59:24.797   3162,015      27361,5461
11:59:25.317   3162,535      27352,1969
11:59:25.848   3163,066      27377,5295
11:59:26.398   3163,616      27420,2784
11:59:26.930   3164,148      27367,9254
11:59:27.495   3164,713      27437,1055
11:59:28.038   3165,256      27425,7135
11:59:28.615   3165,833      27425,9345
11:59:29.153   3166,371      27431,0492
11:59:29.679   3166,897      27390,3192
11:59:30.249   3167,467      27433,6662
11:59:30.768   3167,986      27373,2302
11:59:31.283   3168,501      27396,0697
11:59:31.827   3169,045      27388,8823
11:59:32.340   3169,558      27456,7579
11:59:32.892   3170,110      27431,7553
11:59:33.408   3170,626      27412,2798
11:59:33.926   3171,144      27411,3596
11:59:34.457   3171,675      27489,3552
11:59:35.046   3172,264      27447,2702
11:59:35.576   3172,794      27456,5935
11:59:36.111   3173,329      27449,6576
11:59:36.625   3173,843      27460,4035
11:59:37.168   3174,386      27382,4559
11:59:37.770   3174,988      27447,1367
11:59:38.338   3175,556      27520,5515
11:59:38.884   3176,102      27482,5544
11:59:39.458   3176,676      27476,6564
11:59:40.007   3177,225      27479,3416
11:59:40.522   3177,740      27495,4620
11:59:41.038   3178,256      27521,5740
11:59:41.611   3178,829      27485,9139
11:59:42.191   3179,409      27496,3932
11:59:42.709   3179,927      27459,8481
11:59:43.249   3180,467      27447,0362
11:59:43.810   3181,028      27447,7376
11:59:44.409   3181,627      27444,0522
11:59:44.980   3182,198      27414,8884
11:59:45.498   3182,716      27434,4214
11:59:46.026   3183,244      27461,3070
11:59:46.595   3183,813      27403,1776
11:59:47.163   3184,381      27438,0226
11:59:47.709   3184,927      27412,6865
11:59:48.261   3185,479      27418,5587
11:59:48.786   3186,004      27423,7873
11:59:49.305   3186,523      27429,7787
11:59:49.832   3187,050      27482,5802
11:59:50.391   3187,609      27456,4959
11:59:50.939   3188,157      27451,3351
11:59:51.485   3188,703      27447,3889
11:59:52.024   3189,242      27446,5926
11:59:52.540   3189,758      27502,7715
11:59:53.060   3190,278      27484,4328
11:59:53.577   3190,795      27590,9859
11:59:54.114   3191,332      27557,2586
11:59:54.625   3191,843      27527,5782
11:59:55.147   3192,365      27507,4195
11:59:55.682   3192,900      27488,5930
11:59:56.209   3193,427      27512,2721
11:59:56.724   3193,942      27495,2885
11:59:57.297   3194,515      27511,9702
11:59:57.871   3195,089      27524,7281
11:59:58.390   3195,608      27502,8713
11:59:58.906   3196,124      27518,7464
11:59:59.434   3196,652      27515,8906
11:59:59.955   3197,173      27465,4261
12:00:00.474   3197,692      27515,9892
12:00:01.018   3198,236      27505,3296
12:00:01.572   3198,790      27493,1757
12:00:02.121   3199,339      27489,7545
12:00:02.639   3199,857      27489,1344
12:00:03.213   3200,431      27534,9495
12:00:03.778   3200,996      27521,8524
12:00:04.338   3201,556      27517,7628
12:00:04.924   3202,142      27507,8823
12:00:05.457   3202,675      27515,3139
12:00:06.024   3203,242      27518,0201
12:00:06.586   3203,804      27504,1441
12:00:07.156   3204,374      27509,7388
12:00:07.670   3204,888      27525,4470
12:00:08.193   3205,411      27556,6371
12:00:08.785   3206,003      27530,3566
12:00:09.364   3206,582      27516,1444
12:00:09.924   3207,142      27472,8227
12:00:10.474   3207,692      27481,9068
12:00:11.046   3208,264      27564,9179
12:00:11.559   3208,777      27512,6329
12:00:12.093   3209,311      27499,3690
12:00:12.639   3209,857      27546,6042
12:00:13.217   3210,435      27545,8774
12:00:13.779   3210,997      27550,6868
12:00:14.300   3211,518      27540,5649
12:00:14.822   3212,040      27553,3224
12:00:15.340   3212,558      27526,7900
12:00:15.904   3213,122      27549,9715
12:00:16.451   3213,669      27521,8270
12:00:17.010   3214,228      27522,3393
12:00:17.594   3214,812      27483,8280
12:00:18.193   3215,411      27481,1580
12:00:18.731   3215,949      27521,3808
12:00:19.271   3216,489      27491,0843
12:00:19.800   3217,018      27491,9280
12:00:20.311   3217,529      27494,5478
12:00:20.845   3218,063      27486,1557
12:00:21.427   3218,645      27441,0406
12:00:21.967   3219,185      27464,7882
12:00:22.516   3219,734      27496,0279
12:00:23.028   3220,246      27458,5426
12:00:23.557   3220,775      27476,9971
12:00:24.102   3221,320      27456,3491
12:00:24.633   3221,851      27506,0799
12:00:25.176   3222,394      27483,5918
12:00:25.693   3222,911      27457,9023
12:00:26.210   3223,428      27475,7970
12:00:26.733   3223,951      27525,8195
12:00:27.276   3224,494      27501,1018
12:00:27.835   3225,053      27468,7734
12:00:28.374   3225,592      27454,2602
12:00:28.913   3226,131      27459,4147
12:00:29.535   3226,753      27476,8739
12:00:30.069   3227,287      27524,1879
12:00:30.582   3227,800      27505,4181
12:00:31.110   3228,328      27510,9512
12:00:31.637   3228,855      27432,2987
12:00:32.155   3229,373      27416,0955
12:00:32.678   3229,896      27555,8131
12:00:33.206   3230,424      27535,7572
12:00:33.762   3230,980      27508,7512
12:00:34.329   3231,547      27497,6119
12:00:34.917   3232,135      27438,5938
12:00:35.480   3232,698      27359,8167
12:00:36.052   3233,270      27378,4971
12:00:36.570   3233,788      27341,4630
12:00:37.113   3234,331      27431,9507
12:00:37.666   3234,884      27521,5202
12:00:38.195   3235,413      27508,8956
12:00:38.710   3235,928      27462,2715
12:00:39.245   3236,463      27481,9264
12:00:39.763   3236,981      27440,2180
12:00:40.300   3237,518      27501,6898
12:00:40.844   3238,062      27455,3577
12:00:41.378   3238,596      27437,9141
12:00:41.895   3239,113      27543,8811
12:00:42.416   3239,634      27515,4383
12:00:42.961   3240,179      27527,1720
12:00:43.491   3240,709      27497,0355
12:00:44.035   3241,253      27515,6509
12:00:44.546   3241,764      27519,6544
12:00:45.072   3242,290      27492,9416
12:00:45.598   3242,816      27510,5718
12:00:46.123   3243,341      27496,7149
12:00:46.663   3243,881      27522,6297
12:00:47.272   3244,490      27486,1498
12:00:47.885   3245,103      27524,6250
12:00:48.469   3245,687      27514,0822
12:00:49.024   3246,242      27516,5977
12:00:49.540   3246,758      27503,1398
12:00:50.070   3247,288      27561,5358
12:00:50.653   3247,871      27525,3375
12:00:51.171   3248,389      27574,5002
12:00:51.686   3248,904      27604,0609
12:00:52.243   3249,461      27597,4215
12:00:52.760   3249,978      27567,0218
12:00:53.279   3250,497      27581,2177
12:00:53.810   3251,028      27561,4726
12:00:54.373   3251,591      27557,1170
12:00:54.920   3252,138      27513,6643
12:00:55.464   3252,682      27484,5769
12:00:55.990   3253,208      27503,2772
12:00:56.539   3253,757      27511,9576
12:00:57.084   3254,302      27491,9483
12:00:57.616   3254,834      27506,8125
12:00:58.130   3255,348      27495,7467
12:00:58.690   3255,908      27510,9850
12:00:59.232   3256,450      27479,4529
12:00:59.751   3256,969      27463,8426
12:01:00.312   3257,530      27478,9738
12:01:00.864   3258,082      27485,7371
12:01:01.405   3258,623      27450,4856
12:01:01.982   3259,200      27533,6602
12:01:02.560   3259,778      27519,2776
12:01:03.089   3260,307      27523,5065
12:01:03.604   3260,822      27489,7517
12:01:04.150   3261,368      27509,2510
12:01:04.734   3261,952      27473,8137
12:01:05.254   3262,472      27439,8768
12:01:05.834   3263,052      27455,5121
12:01:06.352   3263,570      27413,4627
12:01:06.928   3264,146      27415,2730
12:01:07.491   3264,709      27456,5881
12:01:08.011   3265,229      27446,0661
12:01:08.560   3265,778      27464,5288
12:01:09.143   3266,361      27418,3448
12:01:09.690   3266,908      27498,9783
12:01:10.290   3267,508      27426,2735
12:01:10.802   3268,020      27420,2423
12:01:11.327   3268,545      27415,4528
12:01:11.924   3269,142      27419,7184
12:01:12.500   3269,718      27455,5457
12:01:13.022   3270,240      27439,0929
12:01:13.572   3270,790      27427,4265
12:01:14.118   3271,336      27424,1374
12:01:14.679   3271,897      27412,1358
12:01:15.243   3272,461      27412,1780
12:01:15.789   3273,007      27416,2402
12:01:16.323   3273,541      27433,1947
12:01:16.842   3274,060      27414,6501
12:01:17.382   3274,600      27401,9223
12:01:17.899   3275,117      27428,9875
12:01:18.418   3275,636      27447,3737
12:01:18.954   3276,172      27461,5813
12:01:19.547   3276,765      27455,5848
12:01:20.119   3277,337      27464,1442
12:01:20.679   3277,897      27500,9391
12:01:21.196   3278,414      27458,0938
12:01:21.718   3278,936      27492,0807
12:01:22.281   3279,499      27414,3962
12:01:22.844   3280,062      27448,0269
12:01:23.360   3280,578      27440,4761
12:01:23.903   3281,121      27462,0842
12:01:24.443   3281,661      27446,8452
12:01:24.965   3282,183      27466,3928
12:01:25.481   3282,699      27386,3622
12:01:26.044   3283,262      27448,0308
12:01:26.632   3283,850      27437,7651
12:01:27.187   3284,405      27391,8937
12:01:27.731   3284,949      27479,5898
12:01:28.250   3285,468      27449,4173
12:01:28.770   3285,988      27459,5060
12:01:29.285   3286,503      27460,5789
12:01:29.812   3287,030      27462,1323
12:01:30.363   3287,581      27462,6756
12:01:30.899   3288,117      27520,2059
12:01:31.417   3288,635      27468,2525
12:01:31.963   3289,181      27506,9859
12:01:32.506   3289,724      27466,0027
12:01:33.019   3290,237      27466,6742
12:01:33.536   3290,754      27468,7861
12:01:34.069   3291,287      27440,5373
12:01:34.587   3291,805      27439,6223
12:01:35.106   3292,324      27503,2589
12:01:35.647   3292,865      27477,6500
12:01:36.213   3293,431      27426,9431
12:01:36.730   3293,948      27265,0068
12:01:37.264   3294,482      27479,2316
12:01:37.793   3295,011      27465,2995
12:01:38.350   3295,568      27503,6916
12:01:38.894   3296,112      27437,1293
12:01:39.442   3296,660      27455,1559
12:01:39.985   3297,203      27508,6695
12:01:40.531   3297,749      27491,5448
12:01:41.051   3298,269      27458,8674
12:01:41.575   3298,793      27542,9126
12:01:42.121   3299,339      27495,9704
12:01:42.690   3299,908      27486,6170
12:01:43.224   3300,442      27477,1829
12:01:43.741   3300,959      27501,9679
12:01:44.259   3301,477      27440,8619
12:01:44.775   3301,993      27460,5865
12:01:45.294   3302,512      27451,3499
12:01:45.812   3303,030      27482,3508
12:01:46.348   3303,566      27419,2495
12:01:46.895   3304,113      27451,1686
12:01:47.423   3304,641      27470,4732
12:01:47.937   3305,155      27434,8985
12:01:48.471   3305,689      27324,7394
12:01:49.016   3306,234      27364,7712
12:01:49.579   3306,797      27332,7100
12:01:50.135   3307,353      27333,6703
12:01:50.663   3307,881      27311,6978
12:01:51.183   3308,401      27335,4331
12:01:51.750   3308,968      27320,3095
12:01:52.268   3309,486      27363,5800
12:01:52.787   3310,005      27407,9623
12:01:53.323   3310,541      27357,4204
12:01:53.867   3311,085      27368,2934
12:01:54.447   3311,665      27349,9836
12:01:54.989   3312,207      27436,7243
12:01:55.568   3312,786      27391,2058
12:01:56.080   3313,298      27396,5956
12:01:56.619   3313,837      27451,3414
12:01:57.193   3314,411      27411,1326
12:01:57.775   3314,993      27399,8479
12:01:58.292   3315,510      27455,3158
12:01:58.847   3316,065      27405,3972
12:01:59.408   3316,626      27400,7247
12:01:59.951   3317,169      27368,0587
12:02:00.470   3317,688      27423,4939
12:02:01.020   3318,238      27374,4675
12:02:01.602   3318,820      27397,1887
12:02:02.149   3319,367      27429,5329
12:02:02.698   3319,916      27442,0861
12:02:03.204   3320,422      27392,0100
12:02:03.733   3320,951      27412,9497
12:02:04.266   3321,484      27365,6522
12:02:04.819   3322,037      27344,8961
12:02:05.371   3322,589      27397,3360
12:02:05.903   3323,121      27364,7672
12:02:06.420   3323,638      27387,8852
12:02:06.943   3324,161      27399,1926
12:02:07.499   3324,717      27383,7121
12:02:08.017   3325,235      27453,8938
12:02:08.563   3325,781      27462,8064
12:02:09.144   3326,362      27425,4608
12:02:09.695   3326,913      27470,2282
12:02:10.264   3327,482      27441,1230
12:02:10.799   3328,017      27415,0726
12:02:11.315   3328,533      27490,9137
12:02:11.829   3329,047      27399,1655
12:02:12.407   3329,625      27418,4060
12:02:12.923   3330,141      27370,5728
12:02:13.437   3330,655      27407,2497
12:02:14.007   3331,225      27466,0456
12:02:14.540   3331,758      27388,4005
12:02:15.059   3332,277      27420,3935
12:02:15.604   3332,822      27436,4713
12:02:16.118   3333,336      27384,4923
12:02:16.644   3333,862      27481,9347
12:02:17.162   3334,380      27431,7544
12:02:17.711   3334,929      27427,9893
12:02:18.294   3335,512      27425,7808
12:02:18.860   3336,078      27429,4269
12:02:19.374   3336,592      27408,8853
12:02:19.924   3337,142      27417,7976
12:02:20.451   3337,669      27428,6847
12:02:20.967   3338,185      27378,6054
12:02:21.525   3338,743      27422,1852
12:02:22.038   3339,256      27397,0639
12:02:22.602   3339,820      27370,2863
12:02:23.144   3340,362      27397,6117
12:02:23.662   3340,880      27426,4009
12:02:24.185   3341,403      27434,0766
12:02:24.719   3341,937      27398,1020
12:02:25.241   3342,459      27396,5836
12:02:25.772   3342,990      27395,8454
12:02:26.298   3343,516      27383,7777
12:02:26.847   3344,065      27443,9911
12:02:27.406   3344,624      27402,9495
12:02:27.931   3345,149      27360,2355
12:02:28.493   3345,711      27409,3292
12:02:29.018   3346,236      27396,8329
12:02:29.538   3346,756      27419,7447
12:02:30.058   3347,276      27395,3739
12:02:30.605   3347,823      27384,5909
12:02:31.151   3348,369      27421,1546
12:02:31.698   3348,916      27358,5938
12:02:32.262   3349,480      27412,2003
12:02:32.819   3350,037      27383,5146
12:02:33.332   3350,550      27391,5046
12:02:33.850   3351,068      27369,4473
12:02:34.366   3351,584      27377,3438
12:02:34.945   3352,163      27356,7246
12:02:35.515   3352,733      27402,1996
12:02:36.073   3353,291      27373,2921
12:02:36.589   3353,807      27363,1776
12:02:37.131   3354,349      27388,9940
12:02:37.659   3354,877      27392,4145
12:02:38.296   3355,514      27384,7433
12:02:38.860   3356,078      27412,2198
12:02:39.383   3356,601      27404,1954
12:02:39.981   3357,199      27374,6931
12:02:40.528   3357,746      27419,2790
12:02:41.065   3358,283      27425,7582
12:02:41.618   3358,836      27386,7454
12:02:42.181   3359,399      27430,1710
12:02:42.703   3359,921      27403,9018
12:02:43.295   3360,513      27425,0748
12:02:43.843   3361,061      27403,8586
12:02:44.365   3361,583      27431,1442
12:02:44.951   3362,169      27425,3831
12:02:45.488   3362,706      27408,4100
12:02:46.081   3363,299      27393,3082
12:02:46.650   3363,868      27429,4518
12:02:47.253   3364,471      27409,4991
12:02:47.832   3365,050      27414,0545
12:02:48.388   3365,606      27432,5853
12:02:48.926   3366,144      27393,8108
12:02:49.537   3366,755      27386,7779
12:02:50.138   3367,356      27430,3382
12:02:50.714   3367,932      27411,2541
12:02:51.277   3368,495      27404,1154
12:02:51.795   3369,013      27413,7404
12:02:52.341   3369,559      27374,3524
12:02:52.869   3370,087      27411,7575
12:02:53.446   3370,664      27436,9304
12:02:53.994   3371,212      27465,1529
12:02:54.521   3371,739      27453,4635
12:02:55.044   3372,262      27380,1889
12:02:55.590   3372,808      27468,2728
12:02:56.111   3373,329      27404,7825
12:02:56.670   3373,888      27386,5753
12:02:57.251   3374,469      27439,9502
12:02:57.801   3375,019      27453,9284
12:02:58.418   3375,636      27450,2652
12:02:58.984   3376,202      27447,4773
12:02:59.546   3376,764      27380,6460
12:03:00.126   3377,344      27457,9565
12:03:00.698   3377,916      27467,1875
12:03:01.264   3378,482      27476,7476
12:03:01.796   3379,014      27455,0853
12:03:02.317   3379,535      27477,8783
12:03:02.886   3380,104      27441,5452
12:03:03.406   3380,624      27467,2135
12:03:03.934   3381,152      27413,9183
12:03:04.465   3381,683      27436,5722
12:03:05.007   3382,225      27468,3615
12:03:05.525   3382,743      27440,8522
12:03:06.058   3383,276      27482,1136
12:03:06.597   3383,815      27495,4023
12:03:07.134   3384,352      27447,1243
12:03:07.654   3384,872      27477,1854
12:03:08.259   3385,477      27459,2930
12:03:08.813   3386,031      27538,7191
12:03:09.372   3386,590      27434,8478
12:03:09.910   3387,128      27429,8852
12:03:10.426   3387,644      27478,3314
12:03:11.012   3388,230      27477,3779
12:03:11.560   3388,778      27483,4719
12:03:12.133   3389,351      27515,0420
12:03:12.718   3389,936      27497,8347
12:03:13.295   3390,513      27487,0040
12:03:13.830   3391,048      27452,5064
12:03:14.350   3391,568      27444,7738
12:03:14.878   3392,096      27443,2786
12:03:15.426   3392,644      27491,9862
12:03:16.000   3393,218      27449,3834
12:03:16.516   3393,734      27444,4886
12:03:17.048   3394,266      27422,2396
12:03:17.614   3394,832      27453,2889
12:03:18.171   3395,389      27459,7041
12:03:18.747   3395,965      27485,5134
12:03:19.315   3396,533      27480,4011
12:03:19.853   3397,071      27471,6932
12:03:20.369   3397,587      27426,1586
12:03:20.890   3398,108      27407,8448
12:03:21.439   3398,657      27436,6900
12:03:22.024   3399,242      27443,3813
12:03:22.534   3399,752      27402,4917
12:03:23.103   3400,321      27407,0118
12:03:23.670   3400,888      27460,9036
12:03:24.171   3401,389      27404,8827
12:03:24.779   3401,997      27433,8961
12:03:25.312   3402,530      27453,9260
12:03:25.830   3403,048      27411,0628
12:03:26.454   3403,672      27330,6002
12:03:26.974   3404,192      27473,0232
12:03:27.497   3404,715      27468,1790
12:03:28.017   3405,235      27464,6933
12:03:28.540   3405,758      27467,5737
12:03:29.078   3406,296      27472,1018
12:03:29.622   3406,840      27517,2586
12:03:30.186   3407,404      27465,7231
12:03:30.773   3407,991      27486,7206
12:03:31.299   3408,517      27510,1413
12:03:31.852   3409,070      27484,1116
12:03:32.432   3409,650      27467,6510
12:03:32.990   3410,208      27532,0969
12:03:33.511   3410,729      27508,8302
12:03:34.103   3411,321      27466,5689
12:03:34.644   3411,862      27500,1498
12:03:35.192   3412,410      27453,1381
12:03:35.737   3412,955      27475,3157
12:03:36.271   3413,489      27484,4950
12:03:36.802   3414,020      27502,7899
12:03:37.378   3414,596      27529,1281
12:03:37.961   3415,179      27577,5968
12:03:38.529   3415,747      27499,7192
12:03:39.078   3416,296      27501,8791
12:03:39.608   3416,826      27500,8098
12:03:40.134   3417,352      27454,6817
12:03:40.677   3417,895      27374,2097
12:03:41.210   3418,428      27429,9618
12:03:41.748   3418,966      27347,7820
12:03:42.283   3419,501      27413,9506
12:03:42.866   3420,084      27449,5974
12:03:43.366   3420,584      27452,2624
12:03:43.885   3421,103      27468,1434
12:03:44.453   3421,671      27470,1468
12:03:44.986   3422,204      27434,2485
12:03:45.578   3422,796      27427,4299
12:03:46.182   3423,400      27468,0670
12:03:46.687   3423,905      27477,8616
12:03:47.240   3424,458      27506,1649
12:03:47.790   3425,008      27462,5288
12:03:48.307   3425,525      27448,6764
12:03:48.876   3426,094      27517,9655
12:03:49.449   3426,667      27435,9031
12:03:50.028   3427,246      27437,2948
12:03:50.605   3427,823      27432,7520
12:03:51.237   3428,455      27468,3756
12:03:51.845   3429,063      27503,8559
12:03:52.430   3429,648      27412,2654
12:03:53.021   3430,239      27472,0826
12:03:53.540   3430,758      27439,5961
12:03:54.102   3431,320      27453,0335
12:03:54.631   3431,849      27463,5095
12:03:55.157   3432,375      27472,0406
12:03:55.687   3432,905      27443,9206
12:03:56.234   3433,452      27416,8846
12:03:56.816   3434,034      27422,7974
12:03:57.373   3434,591      27415,1250
12:03:57.919   3435,137      27374,1814
12:03:58.499   3435,717      27412,3479
12:03:59.076   3436,294      27425,7134
12:03:59.640   3436,858      27444,3823
12:04:00.208   3437,426      27420,9710
12:04:00.818   3438,036      27440,1417
12:04:01.339   3438,557      27453,6855
12:04:01.885   3439,103      27405,7515
12:04:02.456   3439,674      27472,4787
12:04:03.037   3440,255      27436,7713
12:04:03.583   3440,801      27386,7103
12:04:04.129   3441,347      27441,0414
12:04:04.689   3441,907      27447,2374
12:04:05.241   3442,459      27415,3193
12:04:05.806   3443,024      27434,8876
12:04:06.338   3443,556      27467,7516
12:04:06.854   3444,072      27470,6219
12:04:07.422   3444,640      27467,8921
12:04:07.944   3445,162      27498,4884
12:04:08.483   3445,701      27487,5740
12:04:09.004   3446,222      27447,3250
12:04:09.593   3446,811      27479,4618
12:04:10.159   3447,377      27502,2547
12:04:10.769   3447,987      27476,9391
12:04:11.286   3448,504      27536,5667
12:04:11.810   3449,028      27513,3450
12:04:12.337   3449,555      27487,3497
12:04:12.862   3450,080      27517,5772
12:04:13.382   3450,600      27568,2330
12:04:13.972   3451,190      27538,8710
12:04:14.540   3451,758      27526,1911
12:04:15.073   3452,291      27482,5420
12:04:15.639   3452,857      27506,0101
12:04:16.226   3453,444      27497,2807
12:04:16.768   3453,986      27552,2305
12:04:17.358   3454,576      27554,5194
12:04:17.996   3455,214      27526,2349
12:04:18.573   3455,791      27507,5529
12:04:19.159   3456,377      27539,5863
12:04:19.682   3456,900      27516,4045
12:04:20.285   3457,503      27553,9894
12:04:20.815   3458,033      27497,2400
12:04:21.333   3458,551      27570,3130
12:04:21.866   3459,084      27573,9944
12:04:22.439   3459,657      27505,5277
12:04:22.965   3460,183      27491,7135
12:04:23.500   3460,718      27514,6859
12:04:24.034   3461,252      27531,3386
12:04:24.574   3461,792      27587,9003
12:04:25.096   3462,314      27561,0251
12:04:25.645   3462,863      27513,9068
12:04:26.169   3463,387      27559,4965
12:04:26.757   3463,975      27534,4178
12:04:27.319   3464,537      27550,9080
12:04:27.928   3465,146      27571,9216
12:04:28.442   3465,660      27519,6238
12:04:28.979   3466,197      27507,4960
12:04:29.524   3466,742      27529,3311
12:04:30.044   3467,262      27548,0600
12:04:30.561   3467,779      27529,2239
12:04:31.136   3468,354      27530,3107
12:04:31.684   3468,902      27578,0769
12:04:32.270   3469,488      27548,7872
12:04:32.784   3470,002      27548,5019
12:04:33.349   3470,567      27577,3618
12:04:33.870   3471,088      27537,9696
12:04:34.451   3471,669      27561,7255
12:04:34.981   3472,199      27552,9428
12:04:35.554   3472,772      27560,6299
12:04:36.088   3473,306      27571,7197
12:04:36.619   3473,837      27623,6573
12:04:37.164   3474,382      27588,7361
12:04:37.725   3474,943      27609,5902
12:04:38.306   3475,524      27572,0898
12:04:38.887   3476,105      27578,2370
12:04:39.471   3476,689      27610,0831
12:04:39.987   3477,205      27627,7965
12:04:40.571   3477,789      27581,7924
12:04:41.163   3478,381      27602,1015
12:04:41.747   3478,965      27604,4173
12:04:42.286   3479,504      27599,4690
12:04:42.818   3480,036      27651,7740
12:04:43.336   3480,554      27575,3358
12:04:43.924   3481,142      27616,5487
12:04:44.470   3481,688      27644,6309
12:04:45.077   3482,295      27632,6422
12:04:45.599   3482,817      27580,3486
12:04:46.149   3483,367      27641,3503
12:04:46.680   3483,898      27606,5395
12:04:47.268   3484,486      27585,0792
12:04:47.892   3485,110      27595,2967
12:04:48.488   3485,706      27623,3786
12:04:49.004   3486,222      27640,4822
12:04:49.540   3486,758      27630,5188
12:04:50.122   3487,340      27624,6429
12:04:50.703   3487,921      27645,4062
12:04:51.290   3488,508      27655,2684
12:04:51.870   3489,088      27611,6477
12:04:52.470   3489,688      27584,1148
12:04:52.988   3490,206      27593,9527
12:04:53.548   3490,766      27653,0289
12:04:54.149   3491,367      27636,3845
12:04:54.687   3491,905      27649,4763
12:04:55.211   3492,429      27598,4899
12:04:55.731   3492,949      27678,0170
12:04:56.272   3493,490      27607,2788
12:04:56.844   3494,062      27616,1378
12:04:57.460   3494,678      27629,2363
12:04:57.988   3495,206      27579,2787
12:04:58.628   3495,846      27694,5992
12:04:59.186   3496,404      27674,1978
12:04:59.793   3497,011      27636,7425
12:05:00.358   3497,576      27675,8137
12:05:01.059   3498,277      27610,4362
12:05:01.674   3498,892      27644,3086
12:05:02.377   3499,595      27571,2045
12:05:02.897   3500,115      27634,4672
12:05:03.424   3500,642      27616,2544
12:05:03.953   3501,171      27643,4229
12:05:04.471   3501,689      27689,6051
12:05:05.004   3502,222      27650,6782
12:05:05.535   3502,753      27686,1990
12:05:06.054   3503,272      27656,6670
12:05:06.623   3503,841      27657,2135
12:05:07.170   3504,388      27676,1831
12:05:07.714   3504,932      27660,9695
12:05:08.231   3505,449      27653,3521
12:05:08.751   3505,969      27660,8900
12:05:09.272   3506,490      24995,4736
12:05:09.791   3507,009      27628,7349
12:05:10.340   3507,558      27584,6163
12:05:10.865   3508,083      27617,0254
12:05:11.402   3508,620      27590,7771
12:05:11.927   3509,145      27309,4160
12:05:12.459   3509,677      27425,4262
12:05:12.988   3510,206      27598,4704
12:05:13.509   3510,727      27589,0888
12:05:14.026   3511,244      27570,2239
12:05:14.564   3511,782      27556,3213
12:05:15.116   3512,334      27616,7469
12:05:15.644   3512,862      27571,5046
12:05:16.162   3513,380      27587,6767
12:05:16.735   3513,953      27589,0091
12:05:17.294   3514,512      27611,4755
12:05:17.824   3515,042      27579,4925
12:05:18.342   3515,560      27600,1028
12:05:18.881   3516,099      27567,0393
12:05:19.399   3516,617      27595,9291
12:05:19.917   3517,135      27561,0112
12:05:20.462   3517,680      27579,2158
12:05:20.978   3518,196      27586,0449
12:05:21.495   3518,713      27575,6510
12:05:22.073   3519,291      27608,4743
12:05:22.596   3519,814      27555,2259
12:05:23.111   3520,329      27573,7443
12:05:23.628   3520,846      27576,7249
12:05:24.158   3521,376      27601,3039
12:05:24.730   3521,948      27579,3304
12:05:25.245   3522,463      27591,9078
12:05:25.770   3522,988      27610,9507
12:05:26.341   3523,559      27653,1591
12:05:26.868   3524,086      27690,7156
12:05:27.390   3524,608      27717,6619
12:05:27.912   3525,130      27667,1420
12:05:28.428   3525,646      27748,4249
12:05:28.950   3526,168      27724,2579
12:05:29.479   3526,697      27716,0707
12:05:30.006   3527,224      27716,3631
12:05:30.522   3527,740      27701,1663
12:05:31.092   3528,310      27637,1597
12:05:31.618   3528,836      27565,0643
12:05:32.139   3529,357      27613,6475
12:05:32.678   3529,896      27629,6680
12:05:33.226   3530,444      27654,6881
12:05:33.764   3530,982      27636,5066
12:05:34.276   3531,494      27614,0128
12:05:34.792   3532,010      27598,3529
12:05:35.326   3532,544      27618,3846
12:05:35.901   3533,119      27635,7064
12:05:36.419   3533,637      27627,2102
12:05:36.937   3534,155      27633,9617
12:05:37.496   3534,714      27595,5559
12:05:38.091   3535,309      27554,5237
12:05:38.655   3535,873      27624,9910
12:05:39.212   3536,430      27611,0035
12:05:39.727   3536,945      27607,2458
12:05:40.254   3537,472      27678,4520
12:05:40.786   3538,004      27664,4097
12:05:41.349   3538,567      27646,0885
12:05:41.894   3539,112      27638,6242
12:05:42.441   3539,659      27664,0179
12:05:42.945   3540,163      27663,2787
12:05:43.495   3540,713      27645,7995
12:05:44.031   3541,249      27664,2406
12:05:44.552   3541,770      27656,6891
12:05:45.094   3542,312      27665,5193
12:05:45.659   3542,877      27656,7922
12:05:46.213   3543,431      27676,5683
12:05:46.733   3543,951      27653,9995
12:05:47.253   3544,471      27735,5152
12:05:47.776   3544,994      27700,9902
12:05:48.294   3545,512      27725,3267
12:05:48.856   3546,074      27678,8467
12:05:49.374   3546,592      27753,1521
12:05:49.915   3547,133      27643,6089
12:05:50.463   3547,681      27684,1729
12:05:50.984   3548,202      27735,8325
12:05:51.522   3548,740      27672,4840
12:05:52.066   3549,284      27692,5377
12:05:52.626   3549,844      27676,2729
12:05:53.156   3550,374      27692,9815
12:05:53.677   3550,895      27692,1382
12:05:54.194   3551,412      27698,4502
12:05:54.732   3551,950      27659,7509
12:05:55.267   3552,485      27720,0169
12:05:55.785   3553,003      27699,4014
12:05:56.303   3553,521      27678,3942
12:05:56.870   3554,088      27667,8972
12:05:57.431   3554,649      27689,2358
12:05:57.962   3555,180      27662,7854
12:05:58.484   3555,702      27673,8370
12:05:59.026   3556,244      27678,6545
12:05:59.551   3556,769      27655,6340
12:06:00.087   3557,305      27704,0971
12:06:00.613   3557,831      27623,1931
12:06:01.134   3558,352      27644,2937
12:06:01.651   3558,869      27672,4844
12:06:02.234   3559,452      27673,1201
12:06:02.787   3560,005      27644,9104
12:06:03.312   3560,530      27719,1790
12:06:03.828   3561,046      27664,4731
12:06:04.360   3561,578      27635,0725
12:06:04.921   3562,139      27669,0579
12:06:05.455   3562,673      27724,7483
12:06:05.970   3563,188      27717,0790
12:06:06.492   3563,710      27654,9565
12:06:07.009   3564,227      27701,5431
12:06:07.531   3564,749      27663,8120
12:06:08.071   3565,289      27689,4195
12:06:08.601   3565,819      27710,8977
12:06:09.120   3566,338      27620,8336
12:06:09.678   3566,896      27620,3978
12:06:10.252   3567,470      27667,5469
12:06:10.766   3567,984      27652,9493
12:06:11.285   3568,503      27663,6620
12:06:11.846   3569,064      27614,6914
12:06:12.380   3569,598      27688,0543
12:06:12.898   3570,116      27710,9550
12:06:13.432   3570,650      27653,4362
12:06:13.999   3571,217      27722,6495
12:06:14.555   3571,773      27693,0631
12:06:15.071   3572,289      27724,8457
12:06:15.635   3572,853      27657,6385
12:06:16.148   3573,366      27656,2346
12:06:16.678   3573,896      27654,4711
12:06:17.212   3574,430      27713,4349
12:06:17.743   3574,961      27657,8093
12:06:18.263   3575,481      27690,7131
12:06:18.804   3576,022      27695,5070
12:06:19.356   3576,574      27708,7657
12:06:19.898   3577,116      27704,0828
12:06:20.414   3577,632      27721,5455
12:06:20.945   3578,163      27656,8913
12:06:21.460   3578,678      27695,3056
12:06:22.007   3579,225      27656,9678
12:06:22.530   3579,748      27618,7962
12:06:23.048   3580,266      27629,6595
12:06:23.575   3580,793      27632,2988
12:06:24.090   3581,308      27648,3306
12:06:24.623   3581,841      27676,8941
12:06:25.170   3582,388      27622,2281
12:06:25.716   3582,934      27679,1566
12:06:26.248   3583,466      27695,8986
12:06:26.763   3583,981      27667,2752
12:06:27.283   3584,501      27686,1147
12:06:27.810   3585,028      27664,9725
12:06:28.327   3585,545      27679,4924
12:06:28.855   3586,073      27653,5500
12:06:29.400   3586,618      27678,8439
12:06:29.916   3587,134      27695,7306
12:06:30.487   3587,705      27695,1339
12:06:31.017   3588,235      27749,4477
12:06:31.533   3588,751      27746,0019
12:06:32.049   3589,267      27699,5794
12:06:32.618   3589,836      27695,5354
12:06:33.150   3590,368      27680,8350
12:06:33.703   3590,921      27687,1946
12:06:34.249   3591,467      27703,9570
12:06:34.794   3592,012      27702,6533
12:06:35.373   3592,591      27725,0510
12:06:35.917   3593,135      27719,9303
12:06:36.467   3593,685      27741,9033
12:06:36.982   3594,200      27720,0068
12:06:37.499   3594,717      27676,4932
12:06:38.068   3595,286      27744,2224
12:06:38.590   3595,808      27754,9488
12:06:39.105   3596,323      27742,5556
12:06:39.651   3596,869      27729,5130
12:06:40.172   3597,390      27724,2365
12:06:40.698   3597,916      27725,4680
12:06:41.228   3598,446      27738,7768
12:06:41.784   3599,002      27743,2784
12:06:42.301   3599,519      27663,9030
12:06:42.833   3600,051      27743,1021
12:06:43.390   3600,608      27703,8462
12:06:43.938   3601,156      27709,6856
12:06:44.480   3601,698      27714,8582
12:06:44.997   3602,215      27690,7111
12:06:45.544   3602,762      27707,6862
12:06:46.069   3603,287      27695,7452
12:06:46.585   3603,803      27686,1705
12:06:47.111   3604,329      27683,0576
12:06:47.624   3604,842      27729,3209
12:06:48.143   3605,361      27690,8896
12:06:48.660   3605,878      27753,1990
12:06:49.180   3606,398      27714,9252
12:06:49.715   3606,933      27702,6020
12:06:50.239   3607,457      27734,4564
12:06:50.789   3608,007      27690,7390
12:06:51.331   3608,549      27725,2830
12:06:51.867   3609,085      27723,9434
12:06:52.391   3609,609      27674,2913
12:06:52.942   3610,160      27695,1263
12:06:53.458   3610,676      27718,4077
12:06:53.999   3611,217      27684,4477
12:06:54.596   3611,814      27708,8439
12:06:55.192   3612,410      27677,2112
12:06:55.782   3613,000      27675,8651
12:06:56.297   3613,515      27715,1440
12:06:56.822   3614,040      27690,5672
12:06:57.360   3614,578      27679,7547
12:06:57.914   3615,132      27719,0959
12:06:58.507   3615,725      27659,1871
12:06:59.081   3616,299      27657,6190
12:06:59.657   3616,875      27652,5639
12:07:00.177   3617,395      27666,8911
12:07:00.690   3617,908      27643,1281
12:07:01.240   3618,458      27675,0862
12:07:01.757   3618,975      27583,2440
12:07:02.277   3619,495      27585,9568
12:07:02.798   3620,016      27634,0477
12:07:03.327   3620,545      27673,8423
12:07:03.872   3621,090      27712,6746
12:07:04.389   3621,607      27693,8394
12:07:04.916   3622,134      27676,6312
12:07:05.431   3622,649      27680,8630
12:07:05.956   3623,174      27725,5749
12:07:06.532   3623,750      27696,5784
12:07:07.052   3624,270      27578,4781
12:07:07.567   3624,785      27658,9082
12:07:08.092   3625,310      27648,8918
12:07:08.606   3625,824      27674,9490
12:07:09.133   3626,351      27685,9763
12:07:09.708   3626,926      27694,7048
12:07:10.272   3627,490      27645,7495
12:07:10.790   3628,008      27708,3876
12:07:11.315   3628,533      27696,9481
12:07:11.869   3629,087      27633,9802
12:07:12.399   3629,617      27645,9489
12:07:12.915   3630,133      27669,7030
12:07:13.451   3630,669      27653,3159
12:07:13.964   3631,182      27685,3119
12:07:14.497   3631,715      27688,7497
12:07:15.038   3632,256      27671,7328
12:07:15.554   3632,772      27661,0533
12:07:16.087   3633,305      27713,8510
12:07:16.650   3633,868      27647,9025
12:07:17.177   3634,395      27683,3824
12:07:17.702   3634,920      27653,0748
12:07:18.257   3635,475      27663,4666
12:07:18.776   3635,994      27576,3909
12:07:19.293   3636,511      27616,9817
12:07:19.829   3637,047      27648,3849
12:07:20.345   3637,563      27629,7885
12:07:20.864   3638,082      27675,8648
12:07:21.393   3638,611      27613,6930
12:07:21.958   3639,176      27635,2163
12:07:22.472   3639,690      27652,3131
12:07:22.988   3640,206      27710,0054
12:07:23.514   3640,732      27658,4838
12:07:24.065   3641,283      27635,0454
12:07:24.587   3641,805      27670,9055
12:07:25.105   3642,323      27671,0412
12:07:25.625   3642,843      27664,7213
12:07:26.143   3643,361      27692,6115
12:07:26.658   3643,876      27658,8255
12:07:27.179   3644,397      27673,3468
12:07:27.694   3644,912      27627,8347
12:07:28.213   3645,431      27610,2689
12:07:28.735   3645,953      27634,4637
12:07:29.254   3646,472      27672,1560
12:07:29.774   3646,992      27713,6900
12:07:30.289   3647,507      27643,6427
12:07:30.814   3648,032      27664,8968
12:07:31.361   3648,579      27642,8803
12:07:31.889   3649,107      27674,3728
12:07:32.405   3649,623      27669,3648
12:07:32.935   3650,153      27692,6006
12:07:33.452   3650,670      27672,5920
12:07:33.969   3651,187      27669,4495
12:07:34.551   3651,769      27645,8835
12:07:35.073   3652,291      27662,0274
12:07:35.605   3652,823      27645,2396
12:07:36.149   3653,367      27672,4766
12:07:36.719   3653,937      27705,9949
12:07:37.250   3654,468      27704,9044
12:07:37.767   3654,985      27677,3927
12:07:38.321   3655,539      27638,6608
12:07:38.838   3656,056      27679,5524
12:07:39.359   3656,577      27698,5405
12:07:39.883   3657,101      27722,4539
12:07:40.402   3657,620      27708,0967
12:07:40.922   3658,140      27672,5992
12:07:41.441   3658,659      27663,9493
12:07:41.964   3659,182      27701,7970
12:07:42.478   3659,696      27649,0858
12:07:43.016   3660,234      27691,7370
12:07:43.532   3660,750      27606,3617
12:07:44.046   3661,264      27682,4218
12:07:44.565   3661,783      27695,5995
12:07:45.088   3662,306      27645,4800
12:07:45.628   3662,846      27704,1996
12:07:46.145   3663,363      27608,6902
12:07:46.662   3663,880      27629,3944
12:07:47.213   3664,431      27631,3508
12:07:47.758   3664,976      27608,6512
12:07:48.303   3665,521      27660,3315
12:07:48.868   3666,086      27651,9026
12:07:49.388   3666,606      27662,7031
12:07:49.904   3667,122      27632,2594
12:07:50.428   3667,646      27646,0889
12:07:50.958   3668,176      27640,5228
12:07:51.474   3668,692      27667,6265
12:07:52.016   3669,234      27628,8890
12:07:52.532   3669,750      27643,8330
12:07:53.046   3670,264      27625,2061
12:07:53.589   3670,807      27647,3304
12:07:54.105   3671,323      27615,7680
12:07:54.621   3671,839      27608,9476
12:07:55.138   3672,356      27605,7248
12:07:55.681   3672,899      27626,3659
12:07:56.227   3673,445      27635,6791
12:07:56.774   3673,992      27618,5941
12:07:57.322   3674,540      27664,7954
12:07:57.846   3675,064      27636,1205
12:07:58.366   3675,584      27636,8463
12:07:58.888   3676,106      27659,9560
12:07:59.402   3676,620      27619,3350
12:07:59.946   3677,164      27685,8041
12:08:00.501   3677,719      27655,2823
12:08:01.047   3678,265      27686,6378
12:08:01.589   3678,807      27686,7873
12:08:02.111   3679,329      27629,6766
12:08:02.626   3679,844      27647,7773
12:08:03.152   3680,370      27646,6036
12:08:03.674   3680,892      27612,1442
12:08:04.193   3681,411      27669,9743
12:08:04.729   3681,947      27643,2690
12:08:05.268   3682,486      27656,9235
12:08:05.779   3682,997      27616,1441
12:08:06.332   3683,550      27627,9676
12:08:06.883   3684,101      27609,4910
12:08:07.428   3684,646      27623,9832
12:08:07.956   3685,174      27651,3310
12:08:08.474   3685,692      27621,3392
12:08:08.990   3686,208      27660,5542
12:08:09.568   3686,786      27608,2661
12:08:10.085   3687,303      27669,1672
12:08:10.602   3687,820      27630,3813
12:08:11.133   3688,351      27619,6377
12:08:11.649   3688,867      27614,8363
12:08:12.174   3689,392      27641,7786
12:08:12.701   3689,919      27650,3900
12:08:13.246   3690,464      27666,4291
12:08:13.810   3691,028      27647,1728
12:08:14.324   3691,542      27623,6565
12:08:14.853   3692,071      27604,3764
12:08:15.401   3692,619      27620,3388
12:08:15.977   3693,195      27613,9006
12:08:16.509   3693,727      27596,1038
12:08:17.028   3694,246      27617,3611
12:08:17.567   3694,785      27585,0328
12:08:18.113   3695,331      27596,4562
12:08:18.665   3695,883      27571,0990
12:08:19.191   3696,409      27645,8440
12:08:19.703   3696,921      27644,1687
12:08:20.237   3697,455      27684,7934
12:08:20.756   3697,974      27656,8417
12:08:21.274   3698,492      27667,5351
12:08:21.827   3699,045      27663,0933
12:08:22.352   3699,570      27647,2802
12:08:22.874   3700,092      27652,3721
12:08:23.457   3700,675      27697,1631
12:08:24.017   3701,235      27709,7114
12:08:24.533   3701,751      27644,2111
12:08:25.048   3702,266      27713,8596
12:08:25.589   3702,807      27656,4333
12:08:26.105   3703,323      27736,4256
12:08:26.623   3703,841      27707,8607
12:08:27.178   3704,396      27654,9988
12:08:27.712   3704,930      27736,0612
12:08:28.232   3705,450      27678,8904
12:08:28.749   3705,967      27640,7886
12:08:29.272   3706,490      27656,1325
12:08:29.813   3707,031      27683,4742
12:08:30.360   3707,578      27678,3716
12:08:30.904   3708,122      27687,0936
12:08:31.418   3708,636      27724,5134
12:08:31.968   3709,186      27648,2478
12:08:32.497   3709,715      27679,6053
12:08:33.012   3710,230      27682,2774
12:08:33.542   3710,760      27680,8852
12:08:34.088   3711,306      27648,2056
12:08:34.634   3711,852      27638,8745
12:08:35.179   3712,397      27649,2041
12:08:35.742   3712,960      27613,2576
12:08:36.268   3713,486      27559,9359
12:08:36.786   3714,004      27567,9150
12:08:37.311   3714,529      27562,1508
12:08:37.834   3715,052      27543,8664
12:08:38.353   3715,571      27584,1720
12:08:38.877   3716,095      27542,3147
12:08:39.420   3716,638      27577,2192
12:08:39.936   3717,154      27578,4057
12:08:40.453   3717,671      27584,4852
12:08:41.005   3718,223      27611,3767
12:08:41.525   3718,743      27634,1133
12:08:42.041   3719,259      27621,7403
12:08:42.576   3719,794      27655,8452
12:08:43.119   3720,337      27675,2714
12:08:43.637   3720,855      27686,9530
12:08:44.182   3721,400      27701,0554
12:08:44.731   3721,949      27727,5805
12:08:45.248   3722,466      27731,6844
12:08:45.767   3722,985      27758,7029
12:08:46.327   3723,545      27744,1092
12:08:46.858   3724,076      27765,3389
12:08:47.372   3724,590      27742,6912
12:08:47.911   3725,129      27781,7661
12:08:48.459   3725,677      27728,5740
12:08:48.980   3726,198      27746,7926
12:08:49.503   3726,721      27808,6710
12:08:50.051   3727,269      27783,0226
12:08:50.568   3727,786      27810,5129
12:08:51.090   3728,308      27734,7981
12:08:51.608   3728,826      27770,4540
12:08:52.153   3729,371      27735,6155
12:08:52.700   3729,918      27790,7527
12:08:53.247   3730,465      27766,6315
12:08:53.764   3730,982      27800,7140
12:08:54.282   3731,500      27787,9164
12:08:54.801   3732,019      27756,1226
12:08:55.323   3732,541      27786,3462
12:08:55.835   3733,053      27783,2014
12:08:56.355   3733,573      27772,6335
12:08:56.881   3734,099      27782,6128
12:08:57.428   3734,646      27727,0453
12:08:57.984   3735,202      27727,7959
12:08:58.500   3735,718      27728,5360
12:08:59.013   3736,231      27739,5802
12:08:59.546   3736,764      27708,4016
12:09:00.064   3737,282      27675,6607
12:09:00.609   3737,827      27698,3378
12:09:01.132   3738,350      27728,5193
12:09:01.648   3738,866      27701,7495
12:09:02.169   3739,387      27726,9242
12:09:02.702   3739,920      27696,2977
12:09:03.212   3740,430      27680,3960
12:09:03.744   3740,962      27742,1391
12:09:04.279   3741,497      27707,8067
12:09:04.797   3742,015      27735,3673
12:09:05.337   3742,555      27730,5791
12:09:05.900   3743,118      27700,8635
12:09:06.468   3743,686      27628,7540
12:09:07.020   3744,238      27679,1641
12:09:07.569   3744,787      27667,5824
12:09:08.093   3745,311      27679,3763
12:09:08.610   3745,828      27674,2825
12:09:09.141   3746,359      27751,7962
12:09:09.704   3746,922      27669,2439
12:09:10.216   3747,434      27647,7406
12:09:10.741   3747,959      27705,7204
12:09:11.256   3748,474      27665,4368
12:09:11.798   3749,016      27673,6215
12:09:12.340   3749,558      27646,0115
12:09:12.859   3750,077      27708,8492
12:09:13.434   3750,652      27661,2831
12:09:13.955   3751,173      27715,1092
12:09:14.496   3751,714      27659,6318
12:09:15.089   3752,307      27668,0256
12:09:15.616   3752,834      27679,8167
12:09:16.135   3753,353      27698,9483
12:09:16.662   3753,880      27717,6386
12:09:17.204   3754,422      27674,1783
12:09:17.722   3754,940      27722,0577
12:09:18.239   3755,457      27699,6528
12:09:18.784   3756,002      27699,4214
12:09:19.330   3756,548      27662,4904
12:09:19.875   3757,093      27692,4118
12:09:20.437   3757,655      27677,6241
12:09:21.002   3758,220      27698,9213
12:09:21.548   3758,766      27699,4041
12:09:22.060   3759,278      27731,6770
12:09:22.578   3759,796      27688,4995
12:09:23.119   3760,337      27655,8361
12:09:23.665   3760,883      27713,3619
12:09:24.209   3761,427      27687,1310
12:09:24.723   3761,941      27723,6921
12:09:25.242   3762,460      27684,4971
12:09:25.817   3763,035      27705,8183
12:09:26.360   3763,578      27673,8932
12:09:26.879   3764,097      27692,4124
12:09:27.408   3764,626      27712,1249
12:09:27.963   3765,181      27689,9582
12:09:28.480   3765,698      27671,1695
12:09:29.003   3766,221      27670,6435
12:09:29.580   3766,798      27681,9162
12:09:30.142   3767,360      27691,2223
12:09:30.658   3767,876      27667,0674
12:09:31.199   3768,417      27674,5671
12:09:31.748   3768,966      27715,7458
12:09:32.304   3769,522      27637,3758
12:09:32.835   3770,053      27684,0793
12:09:33.390   3770,608      27708,0549
12:09:33.910   3771,128      27698,1052
12:09:34.428   3771,646      27675,6032
12:09:34.961   3772,179      27673,1936
12:09:35.488   3772,706      27710,4058
12:09:36.021   3773,239      27719,6765
12:09:36.579   3773,797      27666,4891
12:09:37.092   3774,310      27703,7846
12:09:37.628   3774,846      27676,6772
12:09:38.177   3775,395      27664,7567
12:09:38.719   3775,937      27678,2460
12:09:39.264   3776,482      27657,1996
12:09:39.800   3777,018      27675,6105
12:09:40.315   3777,533      27671,4369
12:09:40.828   3778,046      27695,5683
12:09:41.372   3778,590      27700,1318
12:09:41.918   3779,136      27665,1234
12:09:42.452   3779,670      27665,5564
12:09:42.968   3780,186      27713,9113
12:09:43.523   3780,741      27672,1049
12:09:44.085   3781,303      27678,9013
12:09:44.601   3781,819      27640,0329
12:09:45.185   3782,403      27633,2759
12:09:45.740   3782,958      27602,7149
12:09:46.261   3783,479      27584,7666
12:09:46.786   3784,004      27619,7846
12:09:47.289   3784,507      27633,0393
12:09:47.921   3785,139      27646,9806
12:09:48.450   3785,668      27663,9900
12:09:48.987   3786,205      27668,1542
12:09:49.510   3786,728      27722,7454
12:09:50.100   3787,318      27695,7443
12:09:50.674   3787,892      27699,2753
12:09:51.263   3788,481      27681,6646
12:09:51.814   3789,032      27658,5572
12:09:52.324   3789,542      27682,8441
12:09:52.838   3790,056      27678,9528
12:09:53.393   3790,611      27680,1474
12:09:53.914   3791,132      27720,1208
12:09:54.485   3791,703      27726,8891
12:09:55.036   3792,254      27641,3987
12:09:55.545   3792,763      27646,7992
12:09:56.088   3793,306      27680,5883
12:09:56.684   3793,902      27652,1520
12:09:57.204   3794,422      27726,8071
12:09:57.723   3794,941      27658,6479
12:09:58.245   3795,463      27682,8450
12:09:58.846   3796,064      27704,3545
12:09:59.405   3796,623      27670,4461
12:09:59.952   3797,170      27707,7710
12:10:00.523   3797,741      27682,9879
12:10:01.041   3798,259      27644,5303
12:10:01.592   3798,810      27682,4481
12:10:02.152   3799,370      27665,7754
12:10:02.744   3799,962      27630,8268
12:10:03.322   3800,540      27664,7321
12:10:03.871   3801,089      27620,0212
12:10:04.398   3801,616      27607,7672
12:10:04.996   3802,214      27656,4780
12:10:05.592   3802,810      27660,1876
12:10:06.116   3803,334      27685,3345
12:10:06.625   3803,843      27704,1134
12:10:07.192   3804,410      27691,7977
12:10:07.795   3805,013      27696,0457
12:10:08.300   3805,518      27695,8189
12:10:08.918   3806,136      27672,5878
12:10:09.516   3806,734      27721,1501
12:10:10.072   3807,290      27620,8732
12:10:10.669   3807,887      27836,2274
12:10:11.213   3808,431      27238,3942
12:10:11.736   3808,954      27400,1402
12:10:12.355   3809,573      27570,2128
12:10:12.902   3810,120      27439,9671
12:10:13.462   3810,680      27376,5515
12:10:14.011   3811,229      27491,5650
12:10:14.558   3811,776      27464,9546
12:10:15.151   3812,369      27579,2484
12:10:15.679   3812,897      27574,9648
12:10:16.240   3813,458      27646,1921
12:10:16.812   3814,030      27580,8983
12:10:17.381   3814,599      27602,3308
12:10:17.976   3815,194      27556,8973
12:10:18.529   3815,747      27572,1616
12:10:19.081   3816,299      27596,0405
12:10:19.610   3816,828      27552,7246
12:10:20.133   3817,351      27562,2273
12:10:20.755   3817,973      27544,0254
12:10:21.280   3818,498      27476,2178
12:10:21.883   3819,101      27421,8447
12:10:22.428   3819,646      27444,0169
12:10:22.990   3820,208      27559,2151
12:10:23.547   3820,765      27810,0776
12:10:24.070   3821,288      29080,0637
12:10:24.663   3821,881      28990,7653
12:10:25.262   3822,480      27126,7466
12:10:25.783   3823,001      26927,4595
12:10:26.354   3823,572      27156,5857
12:10:26.857   3824,075      26664,7168
12:10:27.394   3824,612      25128,2687
12:10:27.952   3825,170      24278,9124
12:10:28.505   3825,723      22039,3858
12:10:29.029   3826,247      22204,0476
12:10:29.613   3826,831      15702,1909
12:10:30.177   3827,395      15067,0688
12:10:30.721   3827,939       8922,5932
12:10:31.246   3828,464       8884,2653
12:10:31.776   3828,994       8885,3216
12:10:32.393   3829,611       8853,0229
12:10:32.959   3830,177       8856,7688
12:10:33.509   3830,727       8847,7314
12:10:34.090   3831,308       8838,3787
12:10:34.680   3831,898       8845,1548
12:10:35.235   3832,453       8862,7911
12:10:35.795   3833,013       8872,7133
12:10:36.332   3833,550       8829,2939
12:10:36.881   3834,099       8459,2510
12:10:37.401   3834,619        191,3787
12:10:37.904   3835,122       1123,4037
12:10:38.470   3835,688       1067,3423
12:10:38.974   3836,192       1017,8721
12:10:39.492   3836,710       1134,5453
12:10:40.038   3837,256       1162,7776
12:10:40.566   3837,784       1059,8282
12:10:41.146   3838,364       1184,1538
12:10:41.676   3838,894       1224,7121
12:10:42.226   3839,444       1214,4879
12:10:42.808   3840,026       1202,2229
12:10:43.334   3840,552       1180,9987
12:10:43.898   3841,116       1190,8905
12:10:44.491   3841,709       1080,4554
12:10:45.025   3842,243       1127,9512
12:10:45.617   3842,835       1187,9708
12:10:46.117   3843,335       1169,2702
12:10:46.708   3843,926       1051,0469
12:10:47.234   3844,452       1114,8711
12:10:47.763   3844,981       1159,5609
12:10:48.342   3845,560       1211,2653
12:10:48.911   3846,129       1150,4861
12:10:49.508   3846,726       1108,1530
12:10:50.065   3847,283       1136,3039
12:10:50.615   3847,833       1081,8975
12:10:51.137   3848,355       1139,0789
12:10:51.703   3848,921       1145,0835
12:10:52.207   3849,425       1143,6408
12:10:52.838   3850,056       1179,6186
12:10:53.401   3850,619       1197,7022
12:10:53.975   3851,193       1080,3958
12:10:54.508   3851,726       1177,8995
12:10:55.074   3852,292       1220,2087
12:10:55.599   3852,817       1231,4601
12:10:56.198   3853,416       1181,3157
12:10:56.748   3853,966       1208,3520
12:10:57.272   3854,490       1227,6423
12:10:57.838   3855,056       1258,6661
12:10:58.394   3855,612       1115,2859
12:10:58.895   3856,113       1203,8518
12:10:59.498   3856,716       1042,9155
12:11:00.091   3857,309       1200,0424
12:11:00.675   3857,893       1234,2690
12:11:01.209   3858,427       1236,3998
12:11:01.754   3858,972       1205,4348
12:11:02.309   3859,527       1218,2530
12:11:02.838   3860,056       1236,4421
12:11:03.439   3860,657       1218,0593
12:11:03.961   3861,179       1236,7018
12:11:04.563   3861,781       1239,4079
12:11:05.102   3862,320       1244,1719
12:11:05.656   3862,874       1201,3409
12:11:06.250   3863,468       1205,1675
12:11:06.760   3863,978       1211,7172
12:11:07.306   3864,524       1233,7424
12:11:07.812   3865,030       1209,1363
12:11:08.377   3865,595       1265,7897
12:11:08.881   3866,099       1216,5947
12:11:09.388   3866,606       1217,2023
12:11:09.932   3867,150       1252,3358
12:11:10.450   3867,668       1242,9065
12:11:11.042   3868,260       1233,4012
12:11:11.558   3868,776       1242,0001
12:11:12.151   3869,369       1202,8393
12:11:12.705   3869,923       1246,1677
12:11:13.263   3870,481       1195,7940
12:11:13.843   3871,061       1248,6838
12:11:14.358   3871,576       1209,8850
12:11:14.924   3872,142       1187,7759
12:11:15.494   3872,712       1207,2111
12:11:16.072   3873,290       1223,8595
12:11:16.628   3873,846       1192,0963
12:11:17.192   3874,410       1232,3105
12:11:17.775   3874,993       1236,0322
12:11:18.336   3875,554       1253,0681
12:11:18.882   3876,100       1232,7625
12:11:19.438   3876,656       1253,3693
12:11:19.966   3877,184       1195,0169
12:11:20.532   3877,750       1202,4217
12:11:21.097   3878,315       1258,8803
12:11:21.671   3878,889       1252,1820
12:11:22.173   3879,391       1249,9571
12:11:22.769   3879,987       1233,1314
12:11:23.355   3880,573       1249,3789
12:11:23.952   3881,170       1272,5765
12:11:24.484   3881,702       1258,1092
12:11:25.036   3882,254       1244,2357
12:11:25.601   3882,819       1271,7274
12:11:26.101   3883,319       1238,2483
12:11:26.704   3883,922       1242,9017
12:11:27.281   3884,499       1243,7457
12:11:27.849   3885,067       1249,0752
12:11:28.413   3885,631       1263,7423
12:11:28.966   3886,184       1221,3038
12:11:29.581   3886,799       1222,1197
12:11:30.105   3887,323       1227,6756
12:11:30.668   3887,886       1262,4833
12:11:31.238   3888,456       1228,1622
12:11:31.763   3888,981       1232,3028
12:11:32.375   3889,593       1244,6812
12:11:32.935   3890,153       1261,0676
12:11:33.468   3890,686       1257,3669
12:11:33.998   3891,216       1239,6760
12:11:34.556   3891,774       1246,6600
12:11:35.099   3892,317       1252,2142
12:11:35.667   3892,885       1262,0070
12:11:36.190   3893,408       1284,1474
12:11:36.792   3894,010       1270,0810
12:11:37.346   3894,564       1196,0803
12:11:37.900   3895,118       1250,1626
12:11:38.445   3895,663       1208,2244
12:11:39.008   3896,226       1216,9176
12:11:39.525   3896,743       1177,0716
12:11:40.053   3897,271       1204,2376
12:11:40.634   3897,852       1199,7376
12:11:41.198   3898,416       1226,3200
12:11:41.765   3898,983       1211,7592
12:11:42.327   3899,545       1195,5501
12:11:42.843   3900,061       1175,9007
12:11:43.451   3900,669       1172,2461
12:11:43.982   3901,200       1230,5064
12:11:44.595   3901,813       1213,7663
12:11:45.121   3902,339       1250,3178
12:11:45.676   3902,894       1223,2063
12:11:46.217   3903,435       1239,3142
12:11:46.783   3904,001       1259,3459
12:11:47.350   3904,568       1274,2912
12:11:47.922   3905,140       1241,4209
12:11:48.467   3905,685        773,9373
12:11:49.038   3906,256       1299,5221
12:11:49.582   3906,800       1267,4490
12:11:50.107   3907,325       1273,1844
12:11:50.675   3907,893       1754,8395
12:11:51.239   3908,457       1609,2453
12:11:51.808   3909,026       1248,1224
12:11:52.334   3909,552       1246,5501
12:11:52.916   3910,134        889,7107
12:11:53.516   3910,734       1202,5542
12:11:54.038   3911,256       1232,6052
12:11:54.584   3911,802        260,2176
12:11:55.147   3912,365        191,6403
12:11:55.649   3912,867        160,1767
12:11:56.159   3913,377       1123,6645
12:11:56.685   3913,903        928,6826
12:11:57.253   3914,471        253,6791
12:11:57.801   3915,019       1025,7720
12:11:58.409   3915,627       1040,9664
12:11:58.933   3916,151        963,4670
12:11:59.498   3916,716       1087,1210
12:12:00.021   3917,239       1056,0570
12:12:00.586   3917,804       1059,5481
12:12:01.193   3918,411       1074,9252
12:12:01.741   3918,959       1128,7893
12:12:02.299   3919,517       1169,9284
12:12:02.859   3920,077       1212,8198
12:12:03.379   3920,597       1162,8418
12:12:03.925   3921,143       1157,1958
12:12:04.525   3921,743       1192,8936
12:12:05.117   3922,335       1168,1949
12:12:05.634   3922,852       1043,0980
12:12:06.165   3923,383       1167,7479
12:12:06.695   3923,913       1221,7058
12:12:07.258   3924,476       1233,1501
12:12:07.816   3925,034       1233,8151
12:12:08.317   3925,535       1230,7663
12:12:08.957   3926,175       1236,8328
12:12:09.521   3926,739       1247,3889
12:12:10.077   3927,295       1231,7543
12:12:10.617   3927,835       1135,2657
12:12:11.189   3928,407       1163,1800
12:12:11.745   3928,963       1186,4701
12:12:12.308   3929,526       1168,1543
12:12:12.811   3930,029       1150,7265
12:12:13.320   3930,538       1159,4633
12:12:13.847   3931,065       1121,8882
12:12:14.388   3931,606       1115,8693
12:12:14.985   3932,203       1103,0747
12:12:15.551   3932,769       1143,6087
12:12:16.143   3933,361       1090,9639
12:12:16.657   3933,875       1119,1711
12:12:17.180   3934,398       1095,7088
12:12:17.761   3934,979       1106,4451
12:12:18.279   3935,497       1177,4007
12:12:18.824   3936,042       1172,8479
12:12:19.387   3936,605       1162,3536
12:12:19.952   3937,170       1161,6843
12:12:20.548   3937,766       1131,1825
12:12:21.088   3938,306       1150,0491
12:12:21.618   3938,836       1164,8338
12:12:22.178   3939,396       1261,5037
12:12:22.750   3939,968       1252,9316
12:12:23.318   3940,536       1256,0205
12:12:23.871   3941,089       1196,9380
12:12:24.474   3941,692       1221,9443
12:12:24.994   3942,212       1246,6857
12:12:25.556   3942,774       1227,0837
12:12:26.111   3943,329       1248,4696
12:12:26.701   3943,919       1217,2080
12:12:27.289   3944,507       1224,8261
12:12:27.821   3945,039       1258,3857
12:12:28.366   3945,584       1216,2829
12:12:28.891   3946,109       1236,3008
12:12:29.472   3946,690       1198,8188
12:12:30.002   3947,220       1254,1937
12:12:30.534   3947,752       1217,3139
12:12:31.119   3948,337       1227,4740
12:12:31.665   3948,883       1221,4758
12:12:32.226   3949,444       1260,0104
12:12:32.797   3950,015       1241,9611
12:12:33.346   3950,564       1192,2292
12:12:33.911   3951,129       1211,3067
12:12:34.460   3951,678       1209,7260
12:12:35.023   3952,241       1208,5588
12:12:35.527   3952,745       1206,5745
12:12:36.127   3953,345       1238,1899
12:12:36.678   3953,896       1196,7564
12:12:37.282   3954,500       1165,3605
12:12:37.789   3955,007       1209,3386
12:12:38.355   3955,573       1208,9345
12:12:38.858   3956,076       1228,4569
12:12:39.406   3956,624       1222,9921
12:12:39.923   3957,141       1225,4355
12:12:40.515   3957,733       1231,3057
12:12:41.015   3958,233       1231,6715
12:12:41.578   3958,796       1240,0243
12:12:42.130   3959,348       1235,3796
12:12:42.672   3959,890       1236,9437
12:12:43.294   3960,512       1227,1485
12:12:43.854   3961,072       1234,1333
12:12:44.419   3961,637       1220,3149
12:12:44.940   3962,158       1186,1737
12:12:45.495   3962,713       1188,5859
12:12:46.056   3963,274       1203,2066
12:12:46.574   3963,792       1121,0977
12:12:47.148   3964,366       1262,7640
12:12:47.676   3964,894       1212,3336
12:12:48.223   3965,441       1199,3041
12:12:48.787   3966,005       1183,4111
12:12:49.304   3966,522        844,8237
12:12:49.870   3967,088       1108,1310
12:12:50.460   3967,678       1077,3123
12:12:50.976   3968,194       1113,0569
12:12:51.541   3968,759       1133,9868
12:12:52.070   3969,288       1115,1777
12:12:52.680   3969,898       1134,6190
12:12:53.216   3970,434       1099,7691
12:12:53.791   3971,009       1040,1002
12:12:54.338   3971,556       1016,2387
12:12:54.920   3972,138       1020,4446
12:12:55.472   3972,690       1045,0064
12:12:56.005   3973,223        972,8632
12:12:56.548   3973,766        414,1258
12:12:57.076   3974,294       1128,9684
12:12:57.601   3974,819       1173,9023
12:12:58.184   3975,402       1224,9284
12:12:58.749   3975,967       1247,1662
12:12:59.319   3976,537       1183,2897
12:12:59.888   3977,106       1250,2963
12:13:00.489   3977,707       1233,9923
12:13:01.006   3978,224       1224,4718
12:13:01.594   3978,812       1251,7402
12:13:02.146   3979,364       1235,9993
12:13:02.687   3979,905       1243,5123
12:13:03.284   3980,502       1184,9150
12:13:03.888   3981,106       1200,5887
12:13:04.433   3981,651       1238,5276
12:13:04.995   3982,213       1239,8321
12:13:05.549   3982,767        529,4247
12:13:06.074   3983,292       1234,8481
12:13:06.645   3983,863       1237,7697
12:13:07.145   3984,363       1222,1285
12:13:07.741   3984,959       1225,7556
12:13:08.323   3985,541       1231,2074
12:13:08.891   3986,109       1243,5753
12:13:09.479   3986,697       1220,8091
12:13:10.021   3987,239       1250,8437
12:13:10.548   3987,766       1233,6111
12:13:11.117   3988,335        738,5343
12:13:11.678   3988,896       1189,7952
12:13:12.249   3989,467       1247,3894
12:13:12.814   3990,032       1252,8903
12:13:13.403   3990,621       1217,8836
12:13:13.952   3991,170       1270,8715
12:13:14.493   3991,711       1267,6201
12:13:15.030   3992,248       1242,8919
12:13:15.585   3992,803       1277,5713
12:13:16.139   3993,357       1291,3512
12:13:16.682   3993,900       1282,7981
12:13:17.218   3994,436       1274,6852
12:13:17.747   3994,965       1265,4929
12:13:18.307   3995,525       1277,5224
12:13:18.873   3996,091       1289,4171
12:13:19.455   3996,673       1262,5809
12:13:20.001   3997,219       1231,1999
12:13:20.506   3997,724       1157,0488
12:13:21.088   3998,306       1154,3611
12:13:21.615   3998,833       1196,1501
12:13:22.117   3999,335       1207,4392
12:13:22.617   3999,835       1236,7812
12:13:23.121   4000,339       1212,4175
12:13:23.708   4000,926       1237,0602
12:13:24.278   4001,496       1289,1183
12:13:24.853   4002,071       1259,1027
12:13:25.415   4002,633       1288,3942
12:13:25.933   4003,151       1269,9361
12:13:26.503   4003,721       1281,4703
12:13:27.074   4004,292       1275,3501
12:13:27.616   4004,834       1290,5184
12:13:28.239   4005,457       1290,1501
12:13:28.785   4006,003       1278,6932
12:13:29.312   4006,530       1264,1235
12:13:29.877   4007,095       1279,0802
12:13:30.394   4007,612       1269,7339
12:13:31.014   4008,232       1243,7054
12:13:31.541   4008,759       1269,5063
