History Channel Functions Measurement Report

Measurements started at Date: 06-sep-2023 Time: 10:54:49

Description of the Function:

User Defined Function: m(1;550). Scope Mode

Time         Seconds   Function Value
10:54:49.546      0,546      32592,7823
10:54:50.106      1,106      32657,6368
10:54:50.644      1,644      32651,4449
10:54:51.227      2,227      32621,5606
10:54:51.789      2,789      32594,8424
10:54:52.379      3,379      32606,6650
10:54:52.955      3,955      32636,4275
10:54:53.558      4,558      32629,3800
10:54:54.139      5,139      32674,0840
10:54:54.718      5,718      32641,9100
10:54:55.309      6,309      32656,3602
10:54:55.889      6,889      32686,5459
10:54:56.419      7,419      32713,8085
10:54:57.010      8,010      32620,1062
10:54:57.604      8,604      32648,9839
10:54:58.174      9,174      32645,2541
10:54:58.772      9,772      32652,1744
10:54:59.373     10,373      32636,8739
10:54:59.970     10,970      32601,6596
10:55:00.542     11,542      32678,0407
10:55:01.154     12,154      32597,4455
10:55:01.701     12,701      32669,8619
10:55:02.282     13,282      32681,9455
10:55:02.866     13,866      32613,8010
10:55:03.451     14,451      32586,3185
10:55:04.013     15,013      32651,4607
10:55:04.630     15,630      32646,0852
10:55:05.239     16,239      32653,7712
10:55:05.832     16,832      32649,8038
10:55:06.419     17,419      32631,5621
10:55:06.990     17,990      32650,6769
10:55:07.554     18,554      32622,2783
10:55:08.130     19,130      32625,2225
10:55:08.717     19,717      32675,3879
10:55:09.316     20,316      32672,1315
10:55:09.903     20,903      32587,8195
10:55:10.502     21,502      32679,6961
10:55:11.005     22,005      32632,3180
10:55:11.586     22,586      32676,7902
10:55:12.171     23,171      32653,6018
10:55:12.736     23,736      32641,3346
10:55:13.340     24,340      32616,8643
10:55:13.911     24,911      32600,0265
10:55:14.501     25,501      32646,7754
10:55:15.097     26,097      32658,3944
10:55:15.665     26,665      32614,2706
10:55:16.239     27,239      32598,5389
10:55:16.810     27,810      32585,7480
10:55:17.326     28,326      32653,6199
10:55:17.905     28,905      32653,5412
10:55:18.440     29,440      32633,7574
10:55:18.959     29,959      32686,3666
10:55:19.475     30,475      32612,7720
10:55:20.044     31,044      32634,5101
10:55:20.654     31,654      32656,5500
10:55:21.245     32,245      32610,6994
10:55:21.815     32,815      32646,0434
10:55:22.411     33,411      32657,0529
10:55:23.020     34,020      32628,8571
10:55:23.628     34,628      32598,7406
10:55:24.239     35,239      32574,4823
10:55:24.822     35,822      32570,7980
10:55:25.410     36,410      32526,1873
10:55:26.008     37,008      32601,8510
10:55:26.520     37,520      32549,3074
10:55:27.143     38,143      32630,3231
10:55:27.753     38,753      32577,1176
10:55:28.325     39,325      32532,6931
10:55:28.905     39,905      32523,0719
10:55:29.457     40,457      32502,1907
10:55:30.007     41,007      32495,0417
10:55:30.552     41,552      32515,9561
10:55:31.121     42,121      32518,1058
10:55:31.665     42,665      32534,2771
10:55:32.220     43,220      32537,1490
10:55:32.831     43,831      32467,9860
10:55:33.353     44,353      32309,3108
10:55:33.974     44,974      31922,4565
10:55:34.573     45,573      31823,1712
10:55:35.135     46,135      31919,7821
10:55:35.638     46,638      32004,4813
10:55:36.238     47,238      32067,4085
10:55:36.764     47,764      32119,8943
10:55:37.264     48,264      32112,2399
10:55:37.863     48,863      32077,1958
10:55:38.467     49,467      32312,9733
10:55:39.092     50,092      32402,5122
10:55:39.657     50,657      32467,2642
10:55:40.226     51,226      32457,9878
10:55:40.781     51,781      32482,6455
10:55:41.371     52,371      32445,8399
10:55:41.957     52,957      32470,5024
10:55:42.562     53,562      32498,2388
10:55:43.168     54,168      32502,4150
10:55:43.712     54,712      32338,2562
10:55:44.309     55,309      32354,4872
10:55:44.888     55,888      32259,3035
10:55:45.479     56,479      32282,2310
10:55:46.032     57,032      32010,3092
10:55:46.593     57,593      32204,3350
10:55:47.200     58,200      32313,9070
10:55:47.797     58,797      32332,5375
10:55:48.376     59,376      32357,0561
10:55:48.980     59,980      32481,7224
10:55:49.495     60,495      32405,9117
10:55:50.080     61,080      32421,5064
10:55:50.664     61,664      32401,6167
10:55:51.280     62,280      32265,5112
10:55:51.877     62,877      32169,0679
10:55:52.457     63,457      31914,2303
10:55:53.062     64,062      32232,9747
10:55:53.658     64,658      32250,7626
10:55:54.228     65,228      32203,5745
10:55:54.818     65,818      32200,3487
10:55:55.337     66,337      32150,7868
10:55:55.858     66,858      32112,1234
10:55:56.436     67,436      32037,7991
10:55:56.992     67,992      32032,3790
10:55:57.618     68,618      31951,7838
10:55:58.214     69,214      31767,5508
10:55:58.791     69,791      31563,3808
10:55:59.292     70,292      31450,8449
10:55:59.851     70,851      31179,4632
10:56:00.432     71,432      32324,3081
10:56:01.054     72,054      32051,2763
10:56:01.638     72,638      31455,9603
10:56:02.218     73,218      30982,8026
10:56:02.803     73,803      30439,9868
10:56:03.407     74,407      29809,2111
10:56:04.006     75,006      29088,5707
10:56:04.620     75,620      28366,8455
10:56:05.206     76,206      27217,2691
10:56:05.783     76,783      26434,4213
10:56:06.287     77,287      25494,7811
10:56:06.867     77,867      24665,9474
10:56:07.461     78,461      23574,6378
10:56:08.029     79,029      22743,4513
10:56:08.618     79,618      21732,4296
10:56:09.134     80,134      20884,1715
10:56:09.728     80,728      19832,6823
10:56:10.299     81,299      18883,6719
10:56:10.904     81,904      18070,6947
10:56:11.499     82,499      17144,7722
10:56:12.097     83,097      16253,9218
10:56:12.695     83,695      15337,7371
10:56:13.282     84,282      14464,4266
10:56:13.831     84,831      13737,4306
10:56:14.434     85,434      12982,7520
10:56:15.072     86,072      12335,6471
10:56:15.636     86,636      11582,3455
10:56:16.258     87,258      10932,5328
10:56:16.761     87,761      10398,8444
10:56:17.267     88,267       9855,0133
10:56:17.861     88,861       8904,6996
10:56:18.364     89,364       8843,9237
10:56:18.925     89,925       8371,7739
10:56:19.488     90,488       7918,1806
10:56:20.067     91,067       7539,8360
10:56:20.594     91,594       7177,3480
10:56:21.192     92,192       6733,8707
10:56:21.698     92,698       6436,3574
10:56:22.297     93,297       6198,2543
10:56:22.931     93,931       5891,4685
10:56:23.529     94,529       5636,2766
10:56:24.061     95,061       5407,9299
10:56:24.593     95,593       5217,4043
10:56:25.171     96,171       5016,2540
10:56:25.779     96,779       4791,4928
10:56:26.365     97,365       4600,5533
10:56:26.865     97,865       4556,3665
10:56:27.476     98,476       4408,4231
10:56:28.091     99,091       4270,6421
10:56:28.670     99,670       4140,0449
10:56:29.203    100,203       4035,1215
10:56:29.753    100,753       3887,5674
10:56:30.321    101,321       3719,7046
10:56:30.915    101,915       3662,1159
10:56:31.542    102,542       3513,0722
10:56:32.143    103,143       3421,6961
10:56:32.757    103,757       3311,3677
10:56:33.276    104,276       3210,0426
10:56:33.862    104,862       3071,0780
10:56:34.471    105,471       2971,4893
10:56:34.980    105,980       2945,7998
10:56:35.550    106,550       2852,8423
10:56:36.135    107,135       2806,2165
10:56:36.722    107,722       2711,4956
10:56:37.244    108,244       2688,6791
10:56:37.814    108,814       2653,7037
10:56:38.371    109,371       2586,5087
10:56:38.980    109,980       2579,4799
10:56:39.480    110,480       2596,6627
10:56:40.088    111,088       2680,9603
10:56:40.666    111,666       2732,1620
10:56:41.279    112,279       2813,2305
10:56:41.833    112,833       2885,7868
10:56:42.337    113,337       2980,7911
10:56:42.920    113,920       3026,0864
10:56:43.435    114,435       3087,5885
10:56:43.984    114,984       3111,2703
10:56:44.550    115,550       3149,1697
10:56:45.163    116,163       3148,4627
10:56:45.676    116,676       3177,1423
10:56:46.235    117,235       3261,6833
10:56:46.847    117,847       3240,3465
10:56:47.429    118,429       3242,3571
10:56:48.034    119,034       3314,2544
10:56:48.609    119,609       3361,0688
10:56:49.119    120,119       3374,0317
10:56:49.716    120,716       3400,6805
10:56:50.315    121,315       3384,6489
10:56:50.941    121,941       3375,5539
10:56:51.527    122,527       3371,8519
10:56:52.123    123,123       3421,3947
10:56:52.700    123,700       3473,0409
10:56:53.293    124,293       3462,4362
10:56:53.797    124,797       3447,1428
10:56:54.372    125,372       3412,5084
10:56:54.973    125,973       3440,5211
10:56:55.481    126,481       3459,7095
10:56:56.058    127,058       3476,4412
10:56:56.640    127,640       3503,3603
10:56:57.254    128,254       3406,6523
10:56:57.863    128,863       3449,0810
10:56:58.408    129,408       3461,0825
10:56:58.980    129,980       3466,4219
10:56:59.591    130,591       3460,5552
10:57:00.190    131,190       3507,9706
10:57:00.799    131,799       3541,3077
10:57:01.416    132,416       3589,2319
10:57:02.005    133,005       3524,9789
10:57:02.585    133,585       3623,0777
10:57:03.197    134,197       3601,5521
10:57:03.782    134,782       3638,2179
10:57:04.343    135,343       3574,1587
10:57:04.863    135,863       3637,5468
10:57:05.455    136,455       3684,7277
10:57:05.985    136,985       3646,4393
10:57:06.617    137,617       3750,0816
10:57:07.150    138,150       3767,7733
10:57:07.730    138,730       3795,4224
10:57:08.297    139,297       3798,2824
10:57:08.899    139,899       3835,1843
10:57:09.481    140,481       3858,8771
10:57:10.071    141,071       3910,2810
10:57:10.666    141,666       3932,9962
10:57:11.167    142,167       3985,4811
10:57:11.683    142,683       3999,3147
10:57:12.265    143,265       4024,2958
10:57:12.883    143,883       4079,1227
10:57:13.495    144,495       4107,2822
10:57:14.111    145,111       4113,4689
10:57:14.617    145,617       4148,8927
10:57:15.189    146,189       4168,4204
10:57:15.799    146,799       4164,3415
10:57:16.299    147,299       4184,9579
10:57:16.907    147,907       4200,8961
10:57:17.526    148,526       4210,5708
