History Channel Functions Measurement Report

Measurements started at Date: 06-sep-2023 Time: 10:49:37

Description of the Function:

User Defined Function: m(1;850). Scope Mode

Time         Seconds   Function Value
10:49:37.597      0,545      24347,1184
10:49:38.106      1,054      24388,4843
10:49:38.639      1,587      24381,3736
10:49:39.181      2,129      24399,1477
10:49:39.747      2,695      24359,6845
10:49:40.284      3,232      24421,4434
10:49:40.805      3,753      24392,3947
10:49:41.340      4,288      24405,0048
10:49:41.938      4,886      24425,8403
10:49:42.564      5,512      24403,2794
10:49:43.067      6,015      24411,1138
10:49:43.688      6,636      24406,8160
10:49:44.305      7,253      24438,0195
10:49:44.877      7,825      24416,6530
10:49:45.417      8,365      24385,6030
10:49:45.948      8,896      24410,9687
10:49:46.553      9,501      24388,7452
10:49:47.062     10,010      24400,7256
10:49:47.672     10,620      24425,3283
10:49:48.286     11,234      24405,6135
10:49:48.909     11,857      24387,4904
10:49:49.503     12,451      24403,0803
10:49:50.108     13,056      24428,4667
10:49:50.668     13,616      24381,5209
10:49:51.176     14,124      24400,3208
10:49:51.780     14,728      24410,9975
10:49:52.280     15,228      24414,1254
10:49:52.903     15,851      24422,2933
10:49:53.530     16,478      24426,0791
10:49:54.128     17,076      24452,6708
10:49:54.638     17,586      24482,1262
10:49:55.244     18,192      24517,1599
10:49:55.802     18,750      24427,0653
10:49:56.398     19,346      24463,0635
10:49:56.912     19,860      24498,6719
10:49:57.535     20,483      24482,9807
10:49:58.130     21,078      24432,2307
10:49:58.740     21,688      24515,3410
10:49:59.332     22,280      24447,3849
10:49:59.935     22,883      24419,6566
10:50:00.439     23,387      24389,7357
10:50:01.059     24,007      24375,2096
10:50:01.613     24,561      24396,0163
10:50:02.203     25,151      24375,3423
10:50:02.827     25,775      24365,7939
10:50:03.435     26,383      24392,7180
10:50:04.042     26,990      24364,0113
10:50:04.659     27,607      24388,4048
10:50:05.161     28,109      24418,1013
10:50:05.757     28,705      24423,3844
10:50:06.260     29,208      24402,8149
10:50:06.805     29,753      24379,0499
10:50:07.378     30,326      24401,7782
10:50:07.974     30,922      24419,6058
10:50:08.579     31,527      24438,0231
10:50:09.087     32,035      24440,2389
10:50:09.688     32,636      24414,6770
10:50:10.193     33,141      24415,9666
10:50:10.803     33,751      24339,4096
10:50:11.422     34,370      24310,7812
10:50:12.012     34,960      24333,6388
10:50:12.576     35,524      24390,3087
10:50:13.079     36,027      24333,9599
10:50:13.677     36,625      24400,3257
10:50:14.292     37,240      24379,2396
10:50:14.916     37,864      24409,0846
10:50:15.523     38,471      24378,1292
10:50:16.147     39,095      24428,1557
10:50:16.773     39,721      24394,8058
10:50:17.397     40,345      24376,1711
10:50:17.940     40,888      24409,8274
10:50:18.444     41,392      24429,5558
10:50:19.039     41,987      24391,9753
10:50:19.664     42,612      24404,4448
10:50:20.285     43,233      24384,2786
10:50:20.800     43,748      24352,4385
10:50:21.422     44,370      24375,5114
10:50:22.014     44,962      24423,4860
10:50:22.608     45,556      24342,1708
10:50:23.193     46,141      24428,0117
10:50:23.714     46,662      24389,2079
10:50:24.306     47,254      24362,0739
10:50:24.897     47,845      24381,1999
10:50:25.444     48,392      24384,2984
10:50:25.975     48,923      24433,0968
10:50:26.574     49,522      24401,4489
10:50:27.145     50,093      24410,0382
10:50:27.816     50,764      24389,1840
10:50:28.354     51,302      24318,8665
10:50:28.911     51,859      24411,1438
10:50:29.465     52,413      24412,9859
10:50:29.983     52,931      24360,9923
10:50:30.520     53,468      24357,8492
10:50:31.107     54,055      24392,4079
10:50:31.611     54,559      24408,9970
10:50:32.222     55,170      24416,6041
10:50:32.819     55,767      24384,2851
10:50:33.350     56,298      24366,8317
10:50:33.907     56,855      24347,9868
10:50:34.449     57,397      24347,4794
10:50:35.015     57,963      24369,6512
10:50:35.544     58,492      24344,0469
10:50:36.070     59,018      24367,6728
10:50:36.665     59,613      24395,9070
10:50:37.283     60,231      24380,6036
10:50:37.818     60,766      24390,0847
10:50:38.333     61,281      24411,3727
10:50:38.862     61,810      24383,1245
10:50:39.472     62,420      24372,1381
10:50:40.037     62,985      24308,3770
10:50:40.598     63,546      24377,2810
10:50:41.143     64,091      24387,1105
10:50:41.677     64,625      24376,5226
10:50:42.263     65,211      24366,6396
10:50:42.773     65,721      24392,3361
10:50:43.385     66,333      24392,7278
10:50:43.928     66,876      24343,3717
10:50:44.478     67,426      24378,6827
10:50:45.073     68,021      24383,4914
10:50:45.622     68,570      24353,2568
10:50:46.145     69,093      24362,0128
10:50:46.679     69,627      24347,0405
10:50:47.274     70,222      24413,1163
10:50:47.872     70,820      24344,7644
10:50:48.454     71,402      24360,6671
10:50:49.013     71,961      24368,6982
10:50:49.591     72,539      24391,1829
10:50:50.204     73,152      24362,9944
10:50:50.749     73,697      24319,0589
10:50:51.345     74,293      24336,1588
10:50:51.900     74,848      24332,3420
10:50:52.523     75,471      24283,8648
10:50:53.081     76,029      24309,9691
10:50:53.603     76,551      24372,7253
10:50:54.125     77,073      24372,9831
10:50:54.664     77,612      24371,4592
10:50:55.199     78,147      24382,4549
10:50:55.708     78,656      24319,7407
10:50:56.311     79,259      24287,2143
10:50:56.899     79,847      24299,6374
10:50:57.468     80,416      24270,4003
10:50:58.048     80,996      24313,3833
10:50:58.662     81,610      24360,5268
10:50:59.255     82,203      24392,2497
10:50:59.889     82,837      24354,9766
10:51:00.398     83,346      24355,8606
10:51:00.977     83,925      24367,1262
10:51:01.569     84,517      24396,2698
10:51:02.173     85,121      24347,9883
10:51:02.758     85,706      24371,3062
10:51:03.348     86,296      24310,4620
10:51:04.022     86,970      24342,0080
10:51:04.630     87,578      24316,9827
10:51:05.215     88,163      24345,8653
10:51:05.732     88,680      24323,5219
10:51:06.299     89,247      24360,4569
10:51:06.860     89,808      24357,8070
10:51:07.415     90,363      24354,8807
10:51:08.002     90,950      24350,8996
10:51:08.545     91,493      24337,9207
10:51:09.147     92,095      24348,2936
10:51:09.720     92,668      24300,3460
10:51:10.282     93,230      24333,2631
10:51:10.874     93,822      24319,7081
10:51:11.449     94,397      24314,5392
10:51:12.057     95,005      24337,3940
10:51:12.601     95,549      24343,0023
10:51:13.196     96,144      24368,3022
10:51:13.755     96,703      24353,5586
10:51:14.317     97,265      24348,4814
10:51:14.945     97,893      24327,5540
10:51:15.512     98,460      24345,2495
10:51:16.095     99,043      24310,4567
10:51:16.679     99,627      24257,8380
10:51:17.224    100,172      24308,5945
10:51:17.741    100,689      24287,4626
10:51:18.327    101,275      24314,8558
10:51:18.850    101,798      24367,8578
10:51:19.465    102,413      24329,3415
10:51:20.046    102,994      24326,7757
10:51:20.551    103,499      24337,0716
10:51:21.058    104,006      24286,5032
10:51:21.576    104,524      24258,9850
10:51:22.094    105,042      24290,6749
10:51:22.608    105,556      24327,4783
10:51:23.187    106,135      24352,5482
10:51:23.703    106,651      24338,9734
10:51:24.225    107,173      24325,6170
10:51:24.850    107,798      24359,7189
10:51:25.372    108,320      24336,1855
10:51:25.892    108,840      24351,0375
10:51:26.396    109,344      24332,3355
10:51:26.971    109,919      24303,2156
10:51:27.475    110,423      24332,3390
10:51:28.073    111,021      24306,1568
10:51:28.607    111,555      24342,3127
10:51:29.125    112,073      24354,9372
10:51:29.724    112,672      24294,1626
10:51:30.298    113,246      24309,1120
10:51:30.830    113,778      24308,4796
10:51:31.415    114,363      24300,1652
10:51:32.022    114,970      24316,5486
10:51:32.606    115,554      24308,5084
10:51:33.239    116,187      24323,1513
10:51:33.829    116,777      24337,4430
10:51:34.347    117,295      24363,4303
10:51:34.903    117,851      24355,6217
10:51:35.464    118,412      24291,4454
10:51:35.985    118,933      24316,0652
10:51:36.544    119,492      24322,0454
10:51:37.081    120,029      24325,3997
10:51:37.590    120,538      24281,4353
10:51:38.101    121,049      24337,9661
10:51:38.683    121,631      24302,0670
10:51:39.263    122,211      24339,8441
10:51:39.812    122,760      24310,2503
10:51:40.408    123,356      24270,2328
10:51:40.924    123,872      24333,7416
10:51:41.499    124,447      24320,9511
10:51:42.030    124,978      24330,6882
10:51:42.542    125,490      24330,4674
10:51:43.113    126,061      24304,2048
10:51:43.661    126,609      24277,7702
10:51:44.255    127,203      24297,4381
10:51:44.757    127,705      24325,9823
10:51:45.305    128,253      24306,3428
10:51:45.813    128,761      24302,1035
10:51:46.354    129,302      24259,7073
10:51:46.881    129,829      24269,1529
10:51:47.457    130,405      24281,1536
10:51:47.995    130,943      24308,2565
10:51:48.569    131,517      24268,0991
10:51:49.102    132,050      24264,9767
10:51:49.712    132,660      24342,0849
10:51:50.225    133,173      24292,6637
10:51:50.780    133,728      24286,7144
10:51:51.301    134,249      24303,0266
10:51:51.842    134,790      24323,8125
10:51:52.371    135,319      24278,9515
10:51:52.920    135,868      24304,5649
10:51:53.468    136,416      24284,2763
10:51:54.056    137,004      24314,7789
10:51:54.643    137,591      24289,6228
10:51:55.191    138,139      24296,3900
10:51:55.756    138,704      24336,6945
10:51:56.302    139,250      24332,2361
10:51:56.855    139,803      24293,3702
10:51:57.368    140,316      24318,1787
10:51:57.927    140,875      24302,8893
10:51:58.444    141,392      24323,3912
10:51:59.018    141,966      24310,7443
10:51:59.547    142,495      24296,9425
10:52:00.091    143,039      24336,5165
10:52:00.686    143,634      24324,8277
10:52:01.242    144,190      24295,1234
10:52:01.763    144,711      24323,0759
10:52:02.269    145,217      24333,5907
10:52:02.797    145,745      24348,0854
10:52:03.357    146,305      24346,1032
10:52:03.889    146,837      24324,2836
10:52:04.410    147,358      24276,1314
10:52:04.921    147,869      24327,3361
10:52:05.431    148,379      24291,9096
10:52:05.981    148,929      24319,4297
10:52:06.576    149,524      24315,9209
10:52:07.127    150,075      24318,2247
10:52:07.663    150,611      24328,0929
10:52:08.223    151,171      24335,4324
10:52:08.825    151,773      24334,8196
10:52:09.330    152,278      24331,0397
10:52:09.941    152,889      24358,8780
10:52:10.500    153,448      24338,4725
10:52:11.116    154,064      24334,8211
10:52:11.660    154,608      24362,7135
10:52:12.217    155,165      24342,9468
10:52:12.738    155,686      24331,9295
10:52:13.360    156,308      24337,2451
10:52:13.901    156,849      24315,3293
10:52:14.496    157,444      24321,7334
10:52:15.077    158,025      24376,3466
10:52:15.614    158,562      24363,0409
10:52:16.148    159,096      24310,6205
10:52:16.775    159,723      24355,7848
10:52:17.307    160,255      24394,7374
10:52:17.891    160,839      24326,0535
10:52:18.408    161,356      24391,6835
10:52:18.930    161,878      24319,3801
10:52:19.529    162,477      24382,4136
10:52:20.088    163,036      24345,6223
10:52:20.653    163,601      24363,9269
10:52:21.180    164,128      24384,9417
10:52:21.754    164,702      24378,6714
10:52:22.363    165,311      24380,2518
10:52:22.978    165,926      24340,1463
10:52:23.589    166,537      24359,2705
10:52:24.193    167,141      24326,9882
10:52:24.728    167,676      24359,0404
10:52:25.272    168,220      24359,0676
10:52:25.836    168,784      24327,4068
10:52:26.358    169,306      24316,5231
10:52:26.876    169,824      24387,0206
10:52:27.504    170,452      24343,4351
10:52:28.004    170,952      24399,4652
10:52:28.647    171,595      24319,3594
10:52:29.170    172,118      24371,1459
10:52:29.690    172,638      24388,4032
10:52:30.218    173,166      24370,9862
10:52:30.778    173,726      24382,5044
10:52:31.294    174,242      24364,7114
10:52:31.819    174,767      24361,1427
10:52:32.382    175,330      24350,4688
10:52:32.940    175,888      24401,0960
10:52:33.446    176,394      24338,3838
10:52:34.012    176,960      24377,6028
10:52:34.529    177,477      24395,9960
10:52:35.121    178,069      24355,1363
10:52:35.683    178,631      24316,4095
10:52:36.299    179,247      24322,5528
10:52:36.869    179,817      24310,7625
10:52:37.397    180,345      24338,5088
10:52:37.949    180,897      24353,7132
10:52:38.520    181,468      24360,2866
10:52:39.065    182,013      24322,9863
10:52:39.660    182,608      24313,6189
10:52:40.176    183,124      24367,6867
10:52:40.741    183,689      24338,5533
10:52:41.313    184,261      24345,4512
10:52:41.836    184,784      24361,2857
10:52:42.353    185,301      24347,3970
10:52:42.925    185,873      24387,7867
10:52:43.464    186,412      24369,6561
10:52:44.022    186,970      24350,8021
10:52:44.600    187,548      24355,6383
10:52:45.209    188,157      24358,4187
10:52:45.711    188,659      24340,5177
10:52:46.217    189,165      24337,7555
10:52:46.768    189,716      24386,3948
10:52:47.354    190,302      24364,8902
10:52:47.940    190,888      24340,4083
10:52:48.506    191,454      24373,0256
10:52:49.025    191,973      24364,4043
10:52:49.532    192,480      24362,3476
10:52:50.074    193,022      24358,1193
10:52:50.613    193,561      24355,2283
10:52:51.138    194,086      24333,4758
10:52:51.770    194,718      24340,8677
10:52:52.347    195,295      24400,6167
10:52:52.861    195,809      24365,2963
10:52:53.398    196,346      24345,8147
10:52:53.931    196,879      24334,8409
10:52:54.489    197,437      24358,8068
10:52:55.102    198,050      24366,4041
10:52:55.614    198,562      24336,4173
10:52:56.207    199,155      24375,7221
10:52:56.820    199,768      24379,6118
10:52:57.351    200,299      24349,4847
10:52:57.938    200,886      24353,5267
10:52:58.474    201,422      24369,1195
10:52:59.009    201,957      24347,7003
10:52:59.555    202,503      24334,2764
10:53:00.071    203,019      24307,6996
10:53:00.684    203,632      24380,2293
10:53:01.211    204,159      24338,8201
10:53:01.717    204,665      24325,0470
10:53:02.245    205,193      24336,7285
10:53:02.779    205,727      24347,9867
10:53:03.352    206,300      24316,1627
10:53:03.915    206,863      24356,8723
10:53:04.441    207,389      24303,1709
10:53:04.965    207,913      24336,5427
10:53:05.520    208,468      24319,6536
10:53:06.029    208,977      24352,6167
10:53:06.571    209,519      24379,3318
10:53:07.097    210,045      24340,4682
10:53:07.693    210,641      24336,2331
10:53:08.260    211,208      24357,8013
10:53:08.837    211,785      24343,5170
10:53:09.350    212,298      24285,5929
10:53:09.882    212,830      24342,6065
10:53:10.395    213,343      24335,7761
10:53:10.923    213,871      24325,1977
10:53:11.549    214,497      24317,2756
10:53:12.102    215,050      24319,7126
10:53:12.643    215,591      24405,3159
10:53:13.236    216,184      24321,8178
10:53:13.740    216,688      24349,7261
10:53:14.243    217,191      24304,3841
10:53:14.773    217,721      24332,2325
10:54:17.536    280,484      24296,7094
10:54:18.108    281,056      24285,6657
10:54:18.626    281,574      24312,4295
10:54:19.157    282,105      24317,0040
10:54:19.671    282,619      24289,0276
10:54:20.213    283,161      24296,2360
