History Channel Functions Measurement Report

Measurements started at Date: 06-sep-2023 Time: 11:06:42

Description of the Function:

User Defined Function: m(1;850). Scope Mode

Time         Seconds   Function Value
11:06:43.339      0,555       3969,6677
11:06:43.859      1,075       3962,0247
11:06:44.383      1,599       3960,0931
11:06:44.956      2,172       3967,9268
11:06:45.475      2,691       3944,9326
11:06:46.024      3,240       3963,6156
11:06:46.646      3,862       3984,7517
11:06:47.149      4,365       3961,0950
11:06:47.689      4,905       3970,1876
11:06:48.242      5,458       3970,8418
11:06:48.844      6,060       3984,4883
11:06:49.367      6,583       3956,7611
11:06:49.887      7,103       3960,7367
11:06:50.404      7,620       3978,1548
11:06:50.904      8,120       3985,4697
11:06:51.430      8,646       3974,7843
11:06:51.971      9,187       4011,5685
11:06:52.586      9,802       3970,1697
11:06:53.160     10,376       4006,2393
11:06:53.725     10,941       3983,2944
11:06:54.227     11,443       3981,5874
11:06:54.744     11,960       3996,5998
11:06:55.314     12,530       3995,8125
11:06:55.888     13,104       4007,2015
11:06:56.453     13,669       4008,4286
11:06:57.030     14,246       4037,1122
11:06:57.673     14,889       3997,1614
11:06:58.308     15,524       4023,9682
11:06:58.856     16,072       4007,7991
11:06:59.402     16,618       4032,2470
11:06:59.993     17,209       4034,3149
11:07:00.592     17,808       4020,2078
11:07:01.118     18,334       4022,1869
11:07:01.730     18,946       4020,1056
11:07:02.303     19,519       4018,6078
11:07:02.834     20,050       4032,5618
11:07:03.430     20,646       4038,2740
11:07:03.982     21,198       4030,0923
11:07:04.504     21,720       4008,4492
11:07:05.106     22,322       4025,3918
11:07:05.648     22,864       4017,7392
11:07:06.235     23,451       4018,2832
11:07:06.811     24,027       4021,3175
11:07:07.400     24,616       4051,8470
11:07:07.927     25,143       4028,5927
11:07:08.556     25,772       4031,4543
11:07:09.177     26,393       4065,0997
11:07:09.723     26,939       4039,0716
11:07:10.270     27,486       4048,0880
11:07:10.798     28,014       4049,8066
11:07:11.372     28,588       4054,5399
11:07:11.925     29,141       4059,6962
11:07:12.436     29,652       4062,5550
11:07:13.007     30,223       4048,4462
11:07:13.520     30,736       4077,7073
11:07:14.148     31,364       4076,7139
11:07:14.709     31,925       4081,3654
11:07:15.267     32,483       4070,1432
11:07:15.820     33,036       4071,2112
11:07:16.340     33,556       4079,9296
11:07:16.861     34,077       4087,5316
11:07:17.430     34,646       4069,1657
11:07:17.960     35,176       4057,1852
11:07:18.509     35,725       4068,8164
11:07:19.023     36,239       4085,3331
11:07:19.609     36,825       4075,6783
11:07:20.161     37,377       4108,2922
11:07:20.799     38,015       4076,0992
11:07:21.304     38,520       4078,9130
11:07:21.911     39,127       4105,4758
11:07:22.517     39,733       4107,7864
11:07:23.054     40,270       4088,4426
11:07:23.593     40,809       4098,8229
11:07:24.153     41,369       4101,1183
11:07:24.750     41,966       4101,9231
11:07:25.375     42,591       4122,7740
11:07:25.949     43,165       4103,7664
11:07:26.531     43,747       4112,1256
11:07:27.062     44,278       4100,5443
11:07:27.580     44,796       4095,7939
11:07:28.175     45,391       4107,8004
11:07:28.740     45,956       4093,7160
11:07:29.321     46,537       4097,9239
11:07:29.918     47,134       4099,9855
11:07:30.486     47,702       4101,8766
11:07:31.080     48,296       4102,6080
11:07:31.635     48,851       4107,0602
11:07:32.182     49,398       4115,9020
11:07:32.700     49,916       4117,0636
11:07:33.315     50,531       4121,3498
11:07:33.837     51,053       4110,6840
11:07:34.378     51,594       4109,7955
11:07:34.906     52,122       4099,9752
11:07:35.487     52,703       4106,1592
11:07:36.008     53,224       4127,9667
11:07:36.511     53,727       4119,5079
11:07:37.076     54,292       4112,1438
11:07:37.626     54,842       4244,0535
11:07:38.222     55,438       4145,9270
11:07:38.743     55,959       4145,0443
11:07:39.326     56,542       4162,4857
11:07:39.895     57,111       4138,9603
11:07:40.497     57,713       4154,3209
11:07:41.107     58,323       4151,2864
11:07:41.692     58,908       4163,1579
11:07:42.229     59,445       4132,6025
11:07:42.774     59,990       4145,3623
11:07:43.304     60,520       4145,7705
11:07:43.830     61,046       4164,0652
11:07:44.350     61,566       4148,9215
11:07:44.945     62,161       4132,7740
11:07:45.491     62,707       4154,3009
11:07:46.085     63,301       4156,8068
11:07:46.686     63,902       4161,4287
11:07:47.194     64,410       4132,1593
11:07:47.770     64,986       4151,5340
11:07:48.329     65,545       4152,9838
11:07:48.941     66,157       4192,4053
11:07:49.536     66,752       4174,8376
11:07:50.126     67,342       4163,6501
11:07:50.636     67,852       4156,1472
11:07:51.226     68,442       4177,7707
11:07:51.799     69,015       4162,9828
11:07:52.382     69,598       4157,9869
11:07:52.922     70,138       4151,3779
11:07:53.455     70,671       4146,2195
11:07:53.985     71,201       4152,1750
11:07:54.539     71,755       4179,7798
11:07:55.148     72,364       4142,6468
11:07:55.747     72,963       4183,9564
11:07:56.350     73,566       4159,2590
11:07:56.925     74,141       4188,3266
11:07:57.540     74,756       4186,7445
11:07:58.148     75,364       4190,5739
11:07:58.698     75,914       4180,9022
11:07:59.239     76,455       4192,1864
11:07:59.776     76,992       4174,7866
11:08:00.317     77,533       4200,6592
11:08:00.927     78,143       4198,3315
11:08:01.461     78,677       4233,1914
11:08:01.983     79,199       4204,3882
11:08:02.511     79,727       4225,0841
11:08:03.128     80,344       4159,2094
11:08:03.678     80,894       4237,5864
11:08:04.202     81,418       4210,4453
11:08:04.711     81,927       4229,8068
11:08:05.308     82,524       4252,7398
11:08:05.870     83,086       4205,4843
11:08:06.413     83,629       4226,1003
11:08:06.997     84,213       4217,5758
11:08:07.556     84,772       4208,9019
11:08:08.124     85,340       4243,8255
11:08:08.668     85,884       4234,9943
11:08:09.282     86,498       4239,1978
11:08:09.788     87,004       4233,5587
11:08:10.367     87,583       4238,5881
11:08:10.945     88,161       4244,0449
11:08:11.496     88,712       4257,6482
11:08:12.076     89,292       4236,2131
11:08:12.660     89,876       4209,3417
11:08:13.221     90,437       4229,0615
11:08:13.742     90,958       4247,6412
11:08:14.249     91,465       4198,2139
11:08:14.863     92,079       4193,1857
11:08:15.447     92,663       4188,4630
11:08:15.992     93,208       4199,1601
11:08:16.528     93,744       4210,2201
11:08:17.053     94,269       4223,5917
11:08:17.602     94,818       4208,8900
11:08:18.178     95,394       4151,4227
11:08:18.720     95,936       4184,1105
11:08:19.266     96,482       4220,8353
11:08:19.822     97,038       4197,8519
11:08:20.348     97,564       4195,0347
11:08:20.954     98,170       4185,9093
11:08:21.491     98,707       4197,3736
11:08:22.122     99,338       4210,1635
11:08:22.676     99,892       4201,6866
11:08:23.283    100,499       4221,1727
11:08:23.853    101,069       4227,7372
11:08:24.398    101,614       4207,0446
11:08:24.962    102,178       4210,6769
11:08:25.543    102,759       4212,8681
11:08:26.064    103,280       4196,0061
11:08:26.614    103,830       4185,0267
11:08:27.186    104,402       4212,6983
11:08:27.692    104,908       4194,5884
11:08:28.332    105,548       4198,0481
11:08:28.864    106,080       4199,1116
11:08:29.436    106,652       4190,0690
11:08:29.965    107,181       4197,4466
11:08:30.480    107,696       4208,7067
11:08:31.060    108,276       4188,8382
11:08:31.658    108,874       4214,3793
11:08:32.195    109,411       4173,3767
11:08:32.758    109,974       4190,8672
11:08:33.336    110,552       4207,9627
11:08:33.840    111,056       4201,1426
11:08:34.442    111,658       4184,9435
11:08:35.013    112,229       4177,8090
11:08:35.582    112,798       4188,0889
11:08:36.112    113,328       4210,8630
11:08:36.663    113,879       4227,7269
11:08:37.268    114,484       4179,2348
11:08:37.793    115,009       4212,7368
11:08:38.300    115,516       4184,5971
11:08:38.834    116,050       4186,6209
11:08:39.372    116,588       4183,8948
11:08:39.930    117,146       4210,2298
11:08:40.451    117,667       4208,4505
11:08:40.999    118,215       4178,7530
11:08:41.560    118,776       4197,0822
11:08:42.117    119,333       4179,2211
11:08:42.679    119,895       4200,7818
11:08:43.285    120,501       4218,8150
11:08:43.809    121,025       4191,1654
11:08:44.311    121,527       4199,9137
11:08:44.938    122,154       4215,1251
11:08:45.483    122,699       4204,8130
11:08:46.015    123,231       4213,1547
11:08:46.569    123,785       4210,2118
11:08:47.159    124,375       4227,2411
11:08:47.729    124,945       4214,9223
11:08:48.255    125,471       4221,4217
11:08:48.862    126,078       4207,8331
11:08:49.424    126,640       4214,3410
11:08:49.999    127,215       4218,4208
11:08:50.520    127,736       4218,0866
11:08:51.122    128,338       4209,7073
11:08:51.703    128,919       4219,7235
11:08:52.289    129,505       4205,3255
11:08:52.864    130,080       4219,0558
11:08:53.386    130,602       4214,7905
11:08:53.905    131,121       4207,7805
11:08:54.407    131,623       4218,8599
11:08:54.914    132,130       4220,1314
11:08:55.530    132,746       4212,4111
11:08:56.050    133,266       4217,6091
11:08:56.631    133,847       4237,2591
11:08:57.200    134,416       4210,0306
11:08:57.732    134,948       4216,5493
11:08:58.251    135,467       4213,5859
11:08:58.818    136,034       4206,9063
11:08:59.405    136,621       4200,4366
11:09:00.025    137,241       4228,9385
11:09:00.580    137,796       4187,0967
11:09:01.133    138,349       4215,8640
11:09:01.668    138,884       4212,2699
11:09:02.198    139,414       4195,4572
11:09:02.739    139,955       4200,5659
11:09:03.297    140,513       4208,6431
11:09:03.834    141,050       4192,1721
11:09:04.460    141,676       4203,5811
11:09:05.014    142,230       4236,9771
11:09:05.599    142,815       4215,2250
11:09:06.101    143,317       4240,2803
11:09:06.688    143,904       4218,1634
11:09:07.288    144,504       4226,5526
11:09:07.866    145,082       4200,9104
11:09:08.393    145,609       4267,2556
11:09:08.952    146,168       4234,5797
11:09:09.486    146,702       4251,3542
11:09:10.079    147,295       4239,4219
11:09:10.599    147,815       4226,5718
11:09:11.197    148,413       4243,3097
11:09:11.697    148,913       4230,4302
11:09:12.243    149,459       4241,3046
11:09:12.844    150,060       4252,3035
11:09:13.409    150,625       4248,5230
11:09:13.963    151,179       4249,5882
11:09:14.496    151,712       4283,9898
11:09:14.999    152,215       4262,1991
11:09:15.545    152,761       4282,0887
11:58:40.842   3118,058      14045,7771
11:58:41.437   3118,653      14037,3291
11:58:41.950   3119,166      14003,6151
11:58:42.565   3119,781      14054,0165
11:58:43.158   3120,374      14025,4475
11:58:43.682   3120,898      14000,6224
11:58:44.229   3121,445      14009,9925
11:58:44.779   3121,995      14006,1383
11:58:45.304   3122,520      14015,0153
11:58:45.839   3123,055      14016,6213
11:58:46.433   3123,649      14047,1868
11:58:46.998   3124,214      14034,4897
11:58:47.543   3124,759      13989,9541
11:58:48.087   3125,303      14028,1758
11:58:48.632   3125,848      14070,8105
11:58:49.210   3126,426      14064,2037
11:58:49.762   3126,978      14079,4567
11:58:50.350   3127,566      14076,2063
11:58:50.944   3128,160      14054,0663
11:58:51.515   3128,731      14046,7336
11:58:52.069   3129,285      14068,1059
11:58:52.637   3129,853      14018,6833
11:58:53.189   3130,405      14031,7316
11:58:53.765   3130,981      14013,7316
11:58:54.366   3131,582      14060,4032
11:58:54.961   3132,177      14080,2762
11:58:55.546   3132,762      14050,6175
11:58:56.130   3133,346      14065,1703
11:58:56.716   3133,932      14009,7891
11:58:57.309   3134,525      14064,9384
11:58:57.890   3135,106      14051,3393
11:58:58.463   3135,679      14063,7967
11:58:58.982   3136,198      14018,0767
11:58:59.509   3136,725      14068,2106
11:59:00.093   3137,309      14051,2548
11:59:00.661   3137,877      14062,5173
11:59:01.204   3138,420      14046,7158
11:59:01.762   3138,978      14009,5736
11:59:02.280   3139,496      14080,9089
11:59:02.796   3140,012      14051,2343
11:59:03.363   3140,579      14056,0824
11:59:03.881   3141,097      14052,0169
11:59:04.394   3141,610      14064,1943
11:59:04.933   3142,149      14052,4875
11:59:05.499   3142,715      14017,5544
11:59:06.014   3143,230      13962,3396
11:59:06.531   3143,747      14019,5052
11:59:07.044   3144,260      14049,9465
11:59:07.579   3144,795      14048,8340
11:59:08.093   3145,309      14100,4982
11:59:08.629   3145,845      14033,9511
11:59:09.146   3146,362      14081,8539
11:59:09.680   3146,896      14051,7807
11:59:10.239   3147,455      14061,9001
11:59:10.788   3148,004      14058,0694
11:59:11.316   3148,532      14094,7849
11:59:11.838   3149,054      14023,7295
11:59:12.424   3149,640      14060,2667
11:59:12.946   3150,162      14057,4640
11:59:13.481   3150,697      14063,0651
11:59:14.029   3151,245      14069,5369
11:59:14.583   3151,799      14057,7494
11:59:15.111   3152,327      14044,6469
11:59:15.626   3152,842      14059,3918
11:59:16.168   3153,384      14071,1302
11:59:16.728   3153,944      14054,4732
11:59:17.290   3154,506      14047,6135
11:59:17.843   3155,059      14037,8312
11:59:18.361   3155,577      14064,8146
11:59:18.917   3156,133      14098,2345
11:59:19.453   3156,669      14071,8873
11:59:19.971   3157,187      14063,4569
11:59:20.493   3157,709      14051,8918
11:59:21.027   3158,243      14055,1393
11:59:21.543   3158,759      14024,0112
11:59:22.069   3159,285      14016,7573
11:59:22.587   3159,803      14031,6412
11:59:23.110   3160,326      14036,6658
11:59:23.641   3160,857      14094,2576
11:59:24.243   3161,459      14038,5715
11:59:24.797   3162,013      14056,0735
11:59:25.317   3162,533      14080,4303
11:59:25.847   3163,063      14058,1109
11:59:26.400   3163,616      14047,2539
11:59:26.930   3164,146      14065,3944
11:59:27.495   3164,711      14055,5624
11:59:28.038   3165,254      14092,7132
11:59:28.615   3165,831      14067,1746
11:59:29.154   3166,370      14066,8692
11:59:29.679   3166,895      14049,7730
11:59:30.249   3167,465      14092,4383
11:59:30.768   3167,984      14078,9561
11:59:31.283   3168,499      14116,0771
11:59:31.827   3169,043      14101,1621
11:59:32.341   3169,557      14068,0850
11:59:32.892   3170,108      14063,1142
11:59:33.408   3170,624      14104,9476
11:59:33.926   3171,142      14095,5291
11:59:34.458   3171,674      14110,1256
11:59:35.046   3172,262      14106,3349
11:59:35.576   3172,792      14102,7369
11:59:36.111   3173,327      14094,9747
11:59:36.625   3173,841      14124,0851
11:59:37.147   3174,363      14095,6320
11:59:37.666   3174,882      14133,7633
11:59:38.225   3175,441      14133,9302
11:59:38.770   3175,986      14142,1858
11:59:39.350   3176,566      14160,8523
11:59:39.902   3177,118      14144,8691
11:59:40.418   3177,634      14147,3324
11:59:40.931   3178,147      14134,2257
11:59:41.500   3178,716      14159,1206
11:59:42.063   3179,279      14174,6471
11:59:42.605   3179,821      14140,2839
11:59:43.132   3180,348      14119,8576
11:59:43.703   3180,919      14124,8168
11:59:44.278   3181,494      14124,7812
11:59:44.878   3182,094      14145,0044
11:59:45.393   3182,609      14114,7081
11:59:45.910   3183,126      14128,6076
11:59:46.467   3183,683      14088,4812
11:59:47.043   3184,259      14109,4137
11:59:47.603   3184,819      14087,8976
11:59:48.152   3185,368      14099,2602
11:59:48.680   3185,896      14093,0245
11:59:49.203   3186,419      14126,9127
11:59:49.726   3186,942      14136,3458
11:59:50.284   3187,500      14142,3724
11:59:50.833   3188,049      14093,7299
11:59:51.375   3188,591      14141,3834
11:59:51.920   3189,136      14144,5637
11:59:52.437   3189,653      14156,1496
11:59:52.958   3190,174      14167,1225
11:59:53.474   3190,690      14194,1464
11:59:54.010   3191,226      14176,8475
11:59:54.522   3191,738      14165,5104
11:59:55.042   3192,258      14196,1886
11:59:55.583   3192,799      14185,9634
11:59:56.106   3193,322      14172,5769
11:59:56.622   3193,838      14162,7907
11:59:57.166   3194,382      14168,0131
11:59:57.756   3194,972      14168,1699
11:59:58.287   3195,503      14226,4300
11:59:58.803   3196,019      14168,6488
11:59:59.323   3196,539      14179,6719
11:59:59.850   3197,066      14195,2799
12:00:00.370   3197,586      14137,1760
12:00:00.909   3198,125      14202,1430
12:00:01.453   3198,669      14181,4155
12:00:02.018   3199,234      14156,8916
12:00:02.537   3199,753      14179,1565
12:00:03.074   3200,290      14154,0450
12:00:03.672   3200,888      14142,8576
12:00:04.229   3201,445      14170,9447
12:00:04.784   3202,000      14142,2494
12:00:05.345   3202,561      14157,9945
12:00:05.918   3203,134      14153,7420
12:00:06.482   3203,698      14155,9082
12:00:07.054   3204,270      14198,0904
12:00:07.569   3204,785      14162,6478
12:00:08.083   3205,299      14127,0291
12:00:08.677   3205,893      14148,2386
12:00:09.238   3206,454      14153,3971
12:00:09.815   3207,031      14138,6493
12:00:10.363   3207,579      14189,1619
12:00:10.931   3208,147      14188,2017
12:00:11.456   3208,672      14172,1987
12:00:11.983   3209,199      14130,7976
12:00:12.530   3209,746      14178,8012
12:00:13.107   3210,323      14195,5849
12:00:13.677   3210,893      14148,2578
12:00:14.196   3211,412      14179,9519
12:00:14.719   3211,935      14197,2745
12:00:15.234   3212,450      14177,2549
12:00:15.787   3213,003      14158,0360
12:00:16.340   3213,556      14156,0996
12:00:16.898   3214,114      14170,2630
12:00:17.475   3214,691      14224,9321
12:00:18.076   3215,292      14172,6522
12:00:18.624   3215,840      14162,0298
12:00:19.146   3216,362      14179,8042
12:00:19.694   3216,910      14149,3966
12:00:20.209   3217,425      14135,4210
12:00:20.736   3217,952      14140,4415
12:00:21.315   3218,531      14137,7393
12:00:21.858   3219,074      14165,1401
12:00:22.411   3219,627      14148,5603
12:00:22.925   3220,141      14172,0513
12:00:23.452   3220,668      14181,4510
12:00:23.999   3221,215      14127,8780
12:00:24.517   3221,733      14195,3683
12:00:25.074   3222,290      14150,9553
12:00:25.589   3222,805      14169,4586
12:00:26.107   3223,323      14153,7226
12:00:26.625   3223,841      14094,9458
12:00:27.166   3224,382      14156,4183
12:00:27.716   3224,932      14144,7199
12:00:28.271   3225,487      14161,8032
12:00:28.804   3226,020      14154,1811
12:00:29.404   3226,620      14159,5724
12:00:29.967   3227,183      14134,5257
12:00:30.480   3227,696      14199,4530
12:00:31.002   3228,218      14150,9834
12:00:31.528   3228,744      14149,8330
12:00:32.052   3229,268      14108,2379
12:00:32.572   3229,788      14157,8410
12:00:33.096   3230,312      14153,1743
12:00:33.652   3230,868      14143,9428
12:00:34.201   3231,417      14172,3398
12:00:34.806   3232,022      14148,0158
12:00:35.374   3232,590      14116,8293
12:00:35.949   3233,165      14104,5397
12:00:36.467   3233,683      14120,6954
12:00:36.984   3234,200      14085,7122
12:00:37.558   3234,774      14126,5046
12:00:38.092   3235,308      14147,0727
12:00:38.607   3235,823      14149,0764
12:00:39.142   3236,358      14153,1661
12:00:39.660   3236,876      14189,6466
12:00:40.175   3237,391      14171,7985
12:00:40.734   3237,950      14160,3446
12:00:41.275   3238,491      14165,5740
12:00:41.792   3239,008      14127,8864
12:00:42.304   3239,520      14173,1132
12:00:42.858   3240,074      14190,9180
12:00:43.379   3240,595      14166,0767
12:00:43.930   3241,146      14102,6362
12:00:44.443   3241,659      14162,3580
12:00:44.962   3242,178      14163,3608
12:00:45.495   3242,711      14149,9779
12:00:46.021   3243,237      14192,6397
12:00:46.554   3243,770      14153,7969
12:00:47.152   3244,368      14156,5106
12:00:47.764   3244,980      14157,0105
12:00:48.347   3245,563      14188,0276
12:00:48.921   3246,137      14137,5068
12:00:49.436   3246,652      14162,1725
12:00:49.957   3247,173      14182,2424
12:00:50.550   3247,766      14217,7113
12:00:51.066   3248,282      14215,7307
12:00:51.584   3248,800      14234,5907
12:00:52.133   3249,349      14257,9479
12:00:52.657   3249,873      14235,7062
12:00:53.175   3250,391      14242,2630
12:00:53.706   3250,922      14214,3555
12:00:54.267   3251,483      14208,1515
12:00:54.807   3252,023      14177,8149
12:00:55.358   3252,574      14172,9821
12:00:55.888   3253,104      14205,6342
12:00:56.429   3253,645      14188,0643
12:00:56.981   3254,197      14143,0706
12:00:57.509   3254,725      14210,8625
12:00:58.025   3255,241      14173,0081
12:00:58.585   3255,801      14188,8962
12:00:59.129   3256,345      14211,3959
12:00:59.648   3256,864      14200,3546
12:01:00.198   3257,414      14154,3958
12:01:00.755   3257,971      14136,3143
12:01:01.295   3258,511      14195,9985
12:01:01.870   3259,086      14176,4612
12:01:02.456   3259,672      14188,7954
12:01:02.986   3260,202      14167,2199
12:01:03.502   3260,718      14178,4994
12:01:04.040   3261,256      14183,9852
12:01:04.630   3261,846      14209,8733
12:01:05.152   3262,368      14202,3312
12:01:05.714   3262,930      14154,8432
12:01:06.250   3263,466      14202,6872
12:01:06.814   3264,030      14150,4986
12:01:07.382   3264,598      14179,8072
12:01:07.908   3265,124      14180,4857
12:01:08.434   3265,650      14152,5818
12:01:09.033   3266,249      14152,8347
12:01:09.580   3266,796      14175,1343
12:01:10.183   3267,399      14164,8264
12:01:10.699   3267,915      14192,9721
12:01:11.217   3268,433      14143,8158
12:01:11.818   3269,034      14190,1541
12:01:12.390   3269,606      14168,0049
12:01:12.916   3270,132      14180,3090
12:01:13.456   3270,672      14190,6628
12:01:14.010   3271,226      14169,4907
12:01:14.558   3271,774      14175,1382
12:01:15.131   3272,347      14195,7806
12:01:15.678   3272,894      14170,7246
12:01:16.220   3273,436      14184,9392
12:01:16.738   3273,954      14140,8417
12:01:17.274   3274,490      14181,7982
12:01:17.806   3275,022      14167,0103
12:01:18.312   3275,528      14187,7027
12:01:18.845   3276,061      14214,2417
12:01:19.439   3276,655      14198,7026
12:01:20.001   3277,217      14180,0376
12:01:20.577   3277,793      14183,0252
12:01:21.094   3278,310      14210,6590
12:01:21.609   3278,825      14207,6896
12:01:22.170   3279,386      14182,8704
12:01:22.733   3279,949      14185,1298
12:01:23.260   3280,476      14177,4665
12:01:23.786   3281,002      14172,1352
12:01:24.339   3281,555      14179,9199
12:01:24.859   3282,075      14182,7627
12:01:25.377   3282,593      14175,2291
12:01:25.928   3283,144      14184,7978
12:01:26.521   3283,737      14207,8663
12:01:27.075   3284,291      14178,9834
12:01:27.626   3284,842      14220,4051
12:01:28.147   3285,363      14208,9562
12:01:28.663   3285,879      14208,1888
12:01:29.181   3286,397      14212,6882
12:01:29.705   3286,921      14213,2845
12:01:30.251   3287,467      14179,0352
12:01:30.796   3288,012      14205,3672
12:01:31.315   3288,531      14219,0564
12:01:31.861   3289,077      14182,8324
12:01:32.388   3289,604      14182,8798
12:01:32.916   3290,132      14188,4945
12:01:33.432   3290,648      14183,5367
12:01:33.967   3291,183      14213,1229
12:01:34.484   3291,700      14200,5383
12:01:35.003   3292,219      14191,4181
12:01:35.541   3292,757      14182,2432
12:01:36.083   3293,299      14181,0769
12:01:36.627   3293,843      14009,8926
12:01:37.158   3294,374      14191,9632
12:01:37.682   3294,898      14187,8013
12:01:38.236   3295,452      14179,2277
12:01:38.783   3295,999      14227,2222
12:01:39.327   3296,543      14195,4303
12:01:39.883   3297,099      14229,7676
12:01:40.424   3297,640      14228,2741
12:01:40.948   3298,164      14231,0903
12:01:41.468   3298,684      14257,5726
12:01:42.014   3299,230      14245,1022
12:01:42.568   3299,784      14248,2578
12:01:43.119   3300,335      14233,2865
12:01:43.635   3300,851      14237,5607
12:01:44.156   3301,372      14221,6538
12:01:44.672   3301,888      14206,4369
12:01:45.191   3302,407      14239,6239
12:01:45.709   3302,925      14189,7962
12:01:46.242   3303,458      14208,1075
12:01:46.788   3304,004      14229,7220
12:01:47.320   3304,536      14240,9212
12:01:47.833   3305,049      14208,2597
12:01:48.360   3305,576      14182,0086
12:01:48.911   3306,127      14196,0464
12:01:49.476   3306,692      14173,3530
12:01:50.030   3307,246      14224,5928
12:01:50.559   3307,775      14187,8807
12:01:51.078   3308,294      14196,2521
12:01:51.621   3308,837      14166,6904
12:01:52.163   3309,379      14199,3474
12:01:52.679   3309,895      14183,8858
12:01:53.213   3310,429      14195,4552
12:01:53.759   3310,975      14206,3698
12:01:54.342   3311,558      14174,3072
12:01:54.886   3312,102      14181,3426
12:01:55.450   3312,666      14207,3179
12:01:55.977   3313,193      14235,9207
12:01:56.505   3313,721      14214,6778
12:01:57.082   3314,298      14195,6847
12:01:57.674   3314,890      14242,4873
12:01:58.189   3315,405      14207,3016
12:01:58.736   3315,952      14225,8606
12:01:59.281   3316,497      14194,5255
12:01:59.850   3317,066      14212,7537
12:02:00.368   3317,584      14209,1676
12:02:00.884   3318,100      14249,4951
12:02:01.500   3318,716      14185,4322
12:02:02.046   3319,262      14208,4757
12:02:02.592   3319,808      14227,9133
12:02:03.203   3320,419      14195,8507
12:02:03.734   3320,950      14220,9076
12:02:04.266   3321,482      14195,3354
12:02:04.819   3322,035      14200,6383
12:02:05.370   3322,586      14237,7179
12:02:05.902   3323,118      14184,7570
12:02:06.420   3323,636      14181,4093
12:02:06.940   3324,156      14189,4395
12:02:07.499   3324,715      14225,7896
12:02:08.016   3325,232      14189,0040
12:02:08.563   3325,779      14195,6770
12:02:09.144   3326,360      14198,3193
12:02:09.695   3326,911      14219,7703
12:02:10.265   3327,481      14228,6545
12:02:10.799   3328,015      14195,0791
12:02:11.315   3328,531      14239,8376
12:02:11.829   3329,045      14223,3682
12:02:12.406   3329,622      14195,5168
12:02:12.923   3330,139      14219,4153
12:02:13.437   3330,653      14198,6724
12:02:14.007   3331,223      14226,4986
12:02:14.540   3331,756      14228,7444
12:02:15.060   3332,276      14228,9926
12:02:15.604   3332,820      14214,1999
12:02:16.119   3333,335      14215,4582
12:02:16.644   3333,860      14203,7518
12:02:17.162   3334,378      14220,9136
12:02:17.709   3334,925      14224,9585
12:02:18.294   3335,510      14182,5272
12:02:18.856   3336,072      14227,1262
12:02:19.373   3336,589      14205,0891
12:02:19.928   3337,144      14224,3316
12:02:20.441   3337,657      14218,2721
12:02:20.968   3338,184      14200,8767
12:02:21.524   3338,740      14233,4419
12:02:22.038   3339,254      14191,0693
12:02:22.602   3339,818      14209,6430
12:02:23.144   3340,360      14190,1855
12:02:23.662   3340,878      14261,0835
12:02:24.185   3341,401      14154,8754
12:02:24.719   3341,935      14202,3131
12:02:25.241   3342,457      14213,8728
12:02:25.772   3342,988      14181,9882
12:02:26.301   3343,517      14241,7530
12:02:26.846   3344,062      14223,3263
12:02:27.406   3344,622      14189,5571
12:02:27.931   3345,147      14197,9690
12:02:28.493   3345,709      14198,8454
12:02:29.018   3346,234      14190,4435
12:02:29.538   3346,754      14209,5001
12:02:30.059   3347,275      14201,7600
12:02:30.605   3347,821      14223,2272
12:02:31.151   3348,367      14197,7678
12:02:31.698   3348,914      14210,4966
12:02:32.262   3349,478      14233,7863
12:02:32.819   3350,035      14182,6997
12:02:33.332   3350,548      14216,1346
12:02:33.850   3351,066      14228,6187
12:02:34.366   3351,582      14225,8053
12:02:34.938   3352,154      14209,6960
12:02:35.517   3352,733      14254,4237
12:02:36.073   3353,289      14194,1838
12:02:36.589   3353,805      14183,1581
12:02:37.149   3354,365      14206,6751
12:02:37.661   3354,877      14234,0930
12:02:38.305   3355,521      14214,2365
12:02:38.863   3356,079      14273,0721
12:02:39.383   3356,599      14199,3166
12:02:39.981   3357,197      14245,2467
12:02:40.528   3357,744      14230,7705
12:02:41.065   3358,281      14240,7364
12:02:41.618   3358,834      14191,7148
12:02:42.181   3359,397      14246,1690
12:02:42.701   3359,917      14238,8621
12:02:43.295   3360,511      14260,9532
12:02:43.843   3361,059      14253,1228
12:02:44.365   3361,581      14245,6903
12:02:44.951   3362,167      14225,9491
12:02:45.488   3362,704      14244,7707
12:02:46.081   3363,297      14219,8488
12:02:46.653   3363,869      14238,3975
12:02:47.258   3364,474      14240,2332
12:02:47.832   3365,048      14234,8798
12:02:48.389   3365,605      14224,2621
12:02:48.939   3366,155      14251,7683
12:02:49.535   3366,751      14237,5529
12:02:50.138   3367,354      14215,2987
12:02:50.715   3367,931      14218,6974
12:02:51.277   3368,493      14231,6136
12:02:51.795   3369,011      14208,3148
12:02:52.341   3369,557      14210,3633
12:02:52.869   3370,085      14259,8937
12:02:53.446   3370,662      14231,6261
12:02:53.994   3371,210      14237,5300
12:02:54.521   3371,737      14248,1283
12:02:55.044   3372,260      14218,6665
12:02:55.592   3372,808      14241,9656
12:02:56.110   3373,326      14218,3944
12:02:56.670   3373,886      14235,2199
12:02:57.251   3374,467      14288,2600
12:02:57.801   3375,017      14220,4023
12:02:58.418   3375,634      14264,9266
12:02:58.984   3376,200      14270,7027
12:02:59.545   3376,761      14279,2839
12:03:00.126   3377,342      14278,2223
12:03:00.698   3377,914      14269,3113
12:03:01.266   3378,482      14271,5653
12:03:01.796   3379,012      14269,0546
12:03:02.317   3379,533      14280,6450
12:03:02.885   3380,101      14251,9155
12:03:03.406   3380,622      14293,0038
12:03:03.935   3381,151      14242,6600
12:03:04.467   3381,683      14237,9140
12:03:05.007   3382,223      14251,0772
12:03:05.527   3382,743      14249,5945
12:03:06.061   3383,277      14294,5342
12:03:06.597   3383,813      14242,2041
12:03:07.134   3384,350      14261,9441
12:03:07.654   3384,870      14236,7416
12:03:08.257   3385,473      14289,8714
12:03:08.814   3386,030      14285,8159
12:03:09.373   3386,589      14285,5451
12:03:09.910   3387,126      14274,2211
12:03:10.426   3387,642      14267,0903
12:03:11.013   3388,229      14285,6104
12:03:11.560   3388,776      14326,2849
12:03:12.133   3389,349      14280,9721
12:03:12.718   3389,934      14288,7970
12:03:13.295   3390,511      14297,4669
12:03:13.830   3391,046      14280,5873
12:03:14.350   3391,566      14240,5727
12:03:14.878   3392,094      14256,6986
12:03:15.426   3392,642      14247,0880
12:03:16.001   3393,217      14261,4255
12:03:16.516   3393,732      14263,0287
12:03:17.051   3394,267      14239,1824
12:03:17.614   3394,830      14270,1174
12:03:18.171   3395,387      14249,8151
12:03:18.747   3395,963      14276,0204
12:03:19.315   3396,531      14264,0543
12:03:19.853   3397,069      14283,5750
12:03:20.369   3397,585      14262,0778
12:03:20.890   3398,106      14226,3131
12:03:21.439   3398,655      14261,4348
12:03:22.027   3399,243      14271,1910
12:03:22.534   3399,750      14288,3538
12:03:23.103   3400,319      14263,3201
12:03:23.670   3400,886      14239,6656
12:03:24.171   3401,387      14238,9668
12:03:24.779   3401,995      14268,4258
12:03:25.312   3402,528      14287,2875
12:03:25.830   3403,046      14257,2761
12:03:26.454   3403,670      14249,8979
12:03:26.975   3404,191      14292,6022
12:03:27.499   3404,715      14347,4288
12:03:28.017   3405,233      14260,2639
12:03:28.540   3405,756      14295,0647
12:03:29.080   3406,296      14282,2219
12:03:29.622   3406,838      14346,6322
12:03:30.186   3407,402      14307,8140
12:03:30.773   3407,989      14316,8032
12:03:31.299   3408,515      14318,0900
12:03:31.852   3409,068      14302,2198
12:03:32.432   3409,648      14298,5429
12:03:32.990   3410,206      14296,7049
12:03:33.512   3410,728      14322,7377
12:03:34.103   3411,319      14302,5364
12:03:34.644   3411,860      14287,6814
12:03:35.193   3412,409      14306,9505
12:03:35.735   3412,951      14266,9150
12:03:36.271   3413,487      14327,2374
12:03:36.803   3414,019      14326,4514
12:03:37.378   3414,594      14327,4812
12:03:37.961   3415,177      14349,7021
12:03:38.530   3415,746      14313,4286
12:03:39.078   3416,294      14351,6896
12:03:39.608   3416,824      14325,7722
12:03:40.134   3417,350      14297,4096
12:03:40.678   3417,894      14288,8092
12:03:41.210   3418,426      14289,7110
12:03:41.749   3418,965      14284,4645
12:03:42.282   3419,498      14282,2844
12:03:42.866   3420,082      14317,4451
12:03:43.366   3420,582      14324,5499
12:03:43.885   3421,101      14319,9873
12:03:44.453   3421,669      14337,1373
12:03:44.986   3422,202      14315,5877
12:03:45.578   3422,794      14305,8157
12:03:46.183   3423,399      14332,4283
12:03:46.686   3423,902      14336,5129
12:03:47.241   3424,457      14316,4217
12:03:47.790   3425,006      14315,7751
12:03:48.307   3425,523      14320,5257
12:03:48.876   3426,092      14325,7675
12:03:49.449   3426,665      14330,8672
12:03:50.028   3427,244      14319,6928
12:03:50.605   3427,821      14325,5792
12:03:51.237   3428,453      14294,8157
12:03:51.846   3429,062      14332,3458
12:03:52.430   3429,646      14325,7473
12:03:53.019   3430,235      14312,6557
12:03:53.540   3430,756      14272,3027
12:03:54.102   3431,318      14308,7631
12:03:54.631   3431,847      14306,6477
12:03:55.158   3432,374      14324,2848
12:03:55.687   3432,903      14303,7343
12:03:56.234   3433,450      14308,0011
12:03:56.817   3434,033      14285,7071
12:03:57.373   3434,589      14322,5475
12:03:57.919   3435,135      14270,6497
12:03:58.502   3435,718      14311,5719
12:03:59.076   3436,292      14299,1481
12:03:59.641   3436,857      14309,2831
12:04:00.208   3437,424      14321,4481
12:04:00.818   3438,034      14288,2168
12:04:01.339   3438,555      14296,3722
12:04:01.885   3439,101      14288,6956
12:04:02.456   3439,672      14303,6678
12:04:03.038   3440,254      14311,3703
12:04:03.583   3440,799      14321,0197
12:04:04.129   3441,345      14304,3443
12:04:04.689   3441,905      14326,8297
12:04:05.241   3442,457      14303,2634
12:04:05.806   3443,022      14325,6282
12:04:06.338   3443,554      14297,7902
12:04:06.854   3444,070      14319,8398
12:04:07.432   3444,648      14310,6807
12:04:07.944   3445,160      14381,6415
12:04:08.485   3445,701      14350,2047
12:04:09.004   3446,220      14366,5520
12:04:09.595   3446,811      14341,8772
12:04:10.159   3447,375      14331,9639
12:04:10.769   3447,985      14373,1973
12:04:11.287   3448,503      14339,6140
12:04:11.809   3449,025      14382,4809
12:04:12.337   3449,553      14334,9025
12:04:12.862   3450,078      14341,7691
12:04:13.382   3450,598      14332,3806
12:04:13.972   3451,188      14401,8358
12:04:14.542   3451,758      14378,0570
12:04:15.074   3452,290      14321,0888
12:04:15.639   3452,855      14352,6981
12:04:16.227   3453,443      14351,0458
12:04:16.768   3453,984      14318,5655
12:04:17.358   3454,574      14362,5678
12:04:17.996   3455,212      14325,8088
12:04:18.575   3455,791      14350,5612
12:04:19.159   3456,375      14378,6846
12:04:19.683   3456,899      14366,2750
12:04:20.285   3457,501      14356,5055
12:04:20.816   3458,032      14328,7111
12:04:21.333   3458,549      14368,2605
12:04:21.866   3459,082      14362,8619
12:04:22.439   3459,655      14352,6265
12:04:22.966   3460,182      14356,6596
12:04:23.500   3460,716      14374,4140
12:04:24.034   3461,250      14352,7325
12:04:24.574   3461,790      14378,7172
12:04:25.096   3462,312      14339,0541
12:04:25.645   3462,861      14332,8033
12:04:26.169   3463,385      14367,4086
12:04:26.758   3463,974      14402,7066
12:04:27.319   3464,535      14354,5576
12:04:27.927   3465,143      14396,3230
12:04:28.443   3465,659      14353,1342
12:04:28.978   3466,194      14340,5893
12:04:29.524   3466,740      14360,1967
12:04:30.044   3467,260      14368,6967
12:04:30.563   3467,779      14345,6904
12:04:31.136   3468,352      14367,3607
12:04:31.684   3468,900      14371,0630
12:04:32.270   3469,486      14394,5969
12:04:32.784   3470,000      14348,4919
12:04:33.349   3470,565      14340,6998
12:04:33.870   3471,086      14336,6747
12:04:34.451   3471,667      14340,2357
12:04:34.981   3472,197      14345,8181
12:04:35.554   3472,770      14337,3031
12:04:36.088   3473,304      14446,9752
12:04:36.616   3473,832      14374,4202
12:04:37.167   3474,383      14402,6906
12:04:37.725   3474,941      14405,9008
12:04:38.306   3475,522      14377,2304
12:04:38.887   3476,103      14395,1545
12:04:39.471   3476,687      14372,3154
12:04:39.988   3477,204      14352,9906
12:04:40.571   3477,787      14378,7262
12:04:41.163   3478,379      14384,5561
12:04:41.747   3478,963      14383,5976
12:04:42.285   3479,501      14402,5507
12:04:42.819   3480,035      14381,6816
12:04:43.338   3480,554      14403,0203
12:04:43.924   3481,140      14361,2752
12:04:44.470   3481,686      14408,6901
12:04:45.078   3482,294      14384,0648
12:04:45.599   3482,815      14395,1265
12:04:46.149   3483,365      14395,9175
12:04:46.681   3483,897      14378,3820
12:04:47.268   3484,484      14376,2148
12:04:47.893   3485,109      14399,5509
12:04:48.488   3485,704      14422,9653
12:04:49.004   3486,220      14404,8074
12:04:49.540   3486,756      14440,9738
12:04:50.124   3487,340      14406,3812
12:04:50.703   3487,919      14383,9796
12:04:51.290   3488,506      14367,5309
12:04:51.871   3489,087      14412,3635
12:04:52.470   3489,686      14383,8506
12:04:52.988   3490,204      14401,2668
12:04:53.548   3490,764      14389,2479
12:04:54.134   3491,350      14442,5874
12:04:54.687   3491,903      14433,6221
12:04:55.211   3492,427      14410,7844
12:04:55.731   3492,947      14402,0702
12:04:56.272   3493,488      14397,4009
12:04:56.844   3494,060      14404,0662
12:04:57.460   3494,676      14412,1448
12:04:57.988   3495,204      14403,2371
12:04:58.627   3495,843      14421,4710
12:04:59.185   3496,401      14419,9023
12:04:59.793   3497,009      14396,7235
12:05:00.402   3497,618      14373,1168
12:05:01.041   3498,257      14392,7943
12:05:01.556   3498,772      14413,4886
12:05:02.170   3499,386      14436,8992
12:05:02.785   3500,001      14394,7700
12:05:03.318   3500,534      14415,9973
12:05:03.850   3501,066      14402,8785
12:05:04.368   3501,584      14430,7200
12:05:04.897   3502,113      14453,0091
12:05:05.430   3502,646      14451,4815
12:05:05.949   3503,165      14429,3260
12:05:06.516   3503,732      14420,0463
12:05:07.058   3504,274      14464,6952
12:05:07.609   3504,825      14455,9883
12:05:08.128   3505,344      14413,8038
12:05:08.646   3505,862      14448,2156
12:05:09.168   3506,384      14426,0176
12:05:09.688   3506,904      14383,3583
12:05:10.237   3507,453      14435,7366
12:05:10.763   3507,979      14421,1396
12:05:11.288   3508,504      14427,9556
12:05:11.822   3509,038      14251,1002
12:05:12.347   3509,563      14303,0212
12:05:12.885   3510,101      14441,4600
12:05:13.404   3510,620      14406,1311
12:05:13.921   3511,137      14390,8077
12:05:14.456   3511,672      14383,2765
12:05:15.000   3512,216      14431,6483
12:05:15.541   3512,757      14386,0349
12:05:16.058   3513,274      14433,2876
12:05:16.630   3513,846      14396,2697
12:05:17.176   3514,392      14397,9816
12:05:17.722   3514,938      14421,3934
12:05:18.240   3515,456      14386,6100
12:05:18.779   3515,995      14402,5567
12:05:19.296   3516,512      14417,2337
12:05:19.813   3517,029      14421,5446
12:05:20.350   3517,566      14425,8271
12:05:20.874   3518,090      14388,7841
12:05:21.393   3518,609      14394,9508
12:05:21.933   3519,149      14446,0556
12:05:22.492   3519,708      14408,5518
12:05:23.008   3520,224      14397,0791
12:05:23.525   3520,741      14439,9481
12:05:24.048   3521,264      14421,6228
12:05:24.627   3521,843      14423,0768
12:05:25.143   3522,359      14408,5614
12:05:25.662   3522,878      14406,2667
12:05:26.225   3523,441      14456,3039
12:05:26.763   3523,979      14468,9633
12:05:27.288   3524,504      14508,6734
12:05:27.808   3525,024      14529,4752
12:05:28.325   3525,541      14510,7235
12:05:28.841   3526,057      14527,3065
12:05:29.376   3526,592      14520,1541
12:05:29.903   3527,119      14507,8246
12:05:30.419   3527,635      14465,4894
12:05:30.975   3528,191      14483,6292
12:05:31.512   3528,728      14480,3352
12:05:32.036   3529,252      14478,0233
12:05:32.561   3529,777      14456,0111
12:05:33.116   3530,332      14462,7382
12:05:33.658   3530,874      14453,8374
12:05:34.174   3531,390      14457,9532
12:05:34.689   3531,905      14457,5228
12:05:35.217   3532,433      14461,8607
12:05:35.780   3532,996      14474,1550
12:05:36.315   3533,531      14452,3376
12:05:36.834   3534,050      14438,2129
12:05:37.390   3534,606      14433,2730
12:05:37.976   3535,192      14403,1670
12:05:38.541   3535,757      14435,0868
12:05:39.107   3536,323      14457,5731
12:05:39.624   3536,840      14467,8769
12:05:40.138   3537,354      14459,9090
12:05:40.679   3537,895      14476,6415
12:05:41.244   3538,460      14461,9657
12:05:41.786   3539,002      14487,9868
12:05:42.336   3539,552      14445,6133
12:05:42.945   3540,161      14473,7482
12:05:43.495   3540,711      14489,2590
12:05:44.031   3541,247      14501,9247
12:05:44.550   3541,766      14508,5658
12:05:45.094   3542,310      14525,8903
12:05:45.659   3542,875      14476,4765
12:05:46.213   3543,429      14491,9912
12:05:46.733   3543,949      14489,2848
12:05:47.253   3544,469      14450,5968
12:05:47.776   3544,992      14484,2729
12:05:48.294   3545,510      14463,7654
12:05:48.856   3546,072      14462,8388
12:05:49.374   3546,590      14484,2293
12:05:49.916   3547,132      14471,8231
12:05:50.463   3547,679      14461,6056
12:05:50.984   3548,200      14502,9062
12:05:51.523   3548,739      14498,2309
12:05:52.066   3549,282      14488,9548
12:05:52.626   3549,842      14427,9228
12:05:53.156   3550,372      14524,6324
12:05:53.677   3550,893      14465,7636
12:05:54.194   3551,410      14465,6960
12:05:54.732   3551,948      14484,3179
12:05:55.267   3552,483      14502,6370
12:05:55.782   3552,998      14490,4873
12:05:56.302   3553,518      14476,5517
12:05:56.870   3554,086      14503,5684
12:05:57.434   3554,650      14516,0641
12:05:57.963   3555,179      14499,2841
12:05:58.481   3555,697      14465,3979
12:05:59.027   3556,243      14473,4834
12:05:59.551   3556,767      14527,1212
12:06:00.087   3557,303      14481,8720
12:06:00.613   3557,829      14455,1353
12:06:01.134   3558,350      14483,2833
12:06:01.651   3558,867      14460,0824
12:06:02.235   3559,451      14498,5712
12:06:02.788   3560,004      14488,4967
12:06:03.312   3560,528      14472,8632
12:06:03.828   3561,044      14483,4173
12:06:04.366   3561,582      14492,9092
12:06:04.921   3562,137      14507,8515
12:06:05.455   3562,671      14532,0289
12:06:05.970   3563,186      14496,5661
12:06:06.491   3563,707      14499,0882
12:06:07.009   3564,225      14489,4774
12:06:07.531   3564,747      14499,8783
12:06:08.071   3565,287      14497,2425
12:06:08.601   3565,817      14497,0906
12:06:09.120   3566,336      14518,7634
12:06:09.678   3566,894      14490,1062
12:06:10.252   3567,468      14492,9943
12:06:10.766   3567,982      14493,4463
12:06:11.285   3568,501      14477,9159
12:06:11.846   3569,062      14467,6606
12:06:12.380   3569,596      14478,9232
12:06:12.898   3570,114      14499,4058
12:06:13.432   3570,648      14524,2326
12:06:14.000   3571,216      14465,1928
12:06:14.555   3571,771      14532,5797
12:06:15.071   3572,287      14477,0815
12:06:15.635   3572,851      14538,9562
12:06:16.148   3573,364      14480,4414
12:06:16.678   3573,894      14509,3257
12:06:17.212   3574,428      14530,8735
12:06:17.743   3574,959      14522,3580
12:06:18.263   3575,479      14537,0161
12:06:18.803   3576,019      14499,7544
12:06:19.355   3576,571      14517,7905
12:06:19.899   3577,115      14502,5465
12:06:20.414   3577,630      14498,3758
12:06:20.945   3578,161      14457,8596
12:06:21.460   3578,676      14466,0785
12:06:22.006   3579,222      14507,3109
12:06:22.530   3579,746      14481,8995
12:06:23.049   3580,265      14472,4855
12:06:23.575   3580,791      14495,3119
12:06:24.090   3581,306      14481,6865
12:06:24.623   3581,839      14481,6540
12:06:25.170   3582,386      14477,4598
12:06:25.716   3582,932      14503,1599
12:06:26.249   3583,465      14491,6818
12:06:26.762   3583,978      14476,2707
12:06:27.281   3584,497      14508,2679
12:06:27.809   3585,025      14474,2724
12:06:28.327   3585,543      14502,2279
12:06:28.854   3586,070      14499,1557
12:06:29.401   3586,617      14499,7051
12:06:29.916   3587,132      14512,2458
12:06:30.487   3587,703      14509,5883
12:06:31.017   3588,233      14526,8766
12:06:31.534   3588,750      14542,2408
12:06:32.049   3589,265      14520,2616
12:06:32.618   3589,834      14515,5729
12:06:33.150   3590,366      14506,9856
12:06:33.702   3590,918      14521,7195
12:06:34.249   3591,465      14517,3291
12:06:34.794   3592,010      14523,8555
12:06:35.374   3592,590      14544,5714
12:06:35.917   3593,133      14537,3814
12:06:36.467   3593,683      14529,2331
12:06:36.982   3594,198      14521,8015
12:06:37.499   3594,715      14540,3202
12:06:38.065   3595,281      14515,0096
12:06:38.590   3595,806      14525,1207
12:06:39.106   3596,322      14530,5302
12:06:39.651   3596,867      14527,6335
12:06:40.172   3597,388      14540,5450
12:06:40.698   3597,914      14520,3279
12:06:41.230   3598,446      14538,6529
12:06:41.784   3599,000      14515,6098
12:06:42.301   3599,517      14551,3629
12:06:42.833   3600,049      14530,3203
12:06:43.390   3600,606      14566,5086
12:06:43.937   3601,153      14544,7256
12:06:44.480   3601,696      14497,5756
12:06:44.997   3602,213      14526,9835
12:06:45.544   3602,760      14559,2583
12:06:46.069   3603,285      14501,2402
12:06:46.585   3603,801      14552,6572
12:06:47.111   3604,327      14547,4958
12:06:47.625   3604,841      14536,0295
12:06:48.143   3605,359      14568,0846
12:06:48.660   3605,876      14559,1246
12:06:49.180   3606,396      14501,8016
12:06:49.715   3606,931      14551,0027
12:06:50.239   3607,455      14555,4109
12:06:50.790   3608,006      14543,0816
12:06:51.332   3608,548      14534,1289
12:06:51.867   3609,083      14539,8713
12:06:52.391   3609,607      14542,2947
12:06:52.942   3610,158      14535,3006
12:06:53.458   3610,674      14524,9967
12:06:54.000   3611,216      14571,6162
12:06:54.594   3611,810      14561,8557
12:06:55.192   3612,408      14544,2406
12:06:55.783   3612,999      14543,0997
12:06:56.296   3613,512      14551,3509
12:06:56.822   3614,038      14528,2267
12:06:57.361   3614,577      14539,5844
12:06:57.914   3615,130      14570,2005
12:06:58.507   3615,723      14541,9643
12:06:59.081   3616,297      14555,9226
12:06:59.657   3616,873      14551,5223
12:07:00.178   3617,394      14548,4701
12:07:00.690   3617,906      14553,0972
12:07:01.240   3618,456      14536,2507
12:07:01.757   3618,973      14490,5492
12:07:02.277   3619,493      14447,2417
12:07:02.799   3620,015      14512,5139
12:07:03.327   3620,543      14532,7113
12:07:03.872   3621,088      14583,9286
12:07:04.389   3621,605      14568,2018
12:07:04.916   3622,132      14572,9625
12:07:05.431   3622,647      14564,2407
12:07:05.956   3623,172      14548,0651
12:07:06.532   3623,748      14545,7558
12:07:07.062   3624,278      14483,7782
12:07:07.567   3624,783      14550,8296
12:07:08.092   3625,308      14537,4488
12:07:08.606   3625,822      14557,9716
12:07:09.132   3626,348      14551,0681
12:07:09.708   3626,924      14565,4028
12:07:10.272   3627,488      14565,9283
12:07:10.790   3628,006      14583,5281
12:07:11.315   3628,531      14571,8738
12:07:11.871   3629,087      14523,4012
12:07:12.399   3629,615      14575,6341
12:07:12.915   3630,131      14550,2161
12:07:13.451   3630,667      14569,7947
12:07:13.964   3631,180      14541,2624
12:07:14.497   3631,713      14554,2277
12:07:15.038   3632,254      14578,0782
12:07:15.555   3632,771      14527,5669
12:07:16.087   3633,303      14531,9954
12:07:16.650   3633,866      14501,7175
12:07:17.177   3634,393      14595,3807
12:07:17.702   3634,918      14583,7064
12:07:18.258   3635,474      14619,0839
12:07:18.776   3635,992      14574,0472
12:07:19.293   3636,509      14584,6450
12:07:19.829   3637,045      14567,8854
12:07:20.345   3637,561      14534,9335
12:07:20.864   3638,080      14565,3019
12:07:21.393   3638,609      14554,0066
12:07:21.958   3639,174      14563,3174
12:07:22.472   3639,688      14560,7021
12:07:22.988   3640,204      14579,4985
12:07:23.514   3640,730      14572,2548
12:07:24.065   3641,281      14588,8450
12:07:24.583   3641,799      14564,6671
12:07:25.104   3642,320      14570,4034
12:07:25.625   3642,841      14580,4235
12:07:26.143   3643,359      14559,6535
12:07:26.658   3643,874      14567,6503
12:07:27.178   3644,394      14539,6514
12:07:27.694   3644,910      14526,1913
12:07:28.212   3645,428      14538,2502
12:07:28.735   3645,951      14563,0082
12:07:29.255   3646,471      14556,3953
12:07:29.773   3646,989      14576,7026
12:07:30.289   3647,505      14575,5237
12:07:30.814   3648,030      14571,0834
12:07:31.361   3648,577      14629,1092
12:07:31.889   3649,105      14585,9573
12:07:32.405   3649,621      14548,7954
12:07:32.935   3650,151      14604,5467
12:07:33.453   3650,669      14602,3294
12:07:33.969   3651,185      14577,4432
12:07:34.546   3651,762      14576,5076
12:07:35.073   3652,289      14555,3880
12:07:35.604   3652,820      14570,2975
12:07:36.149   3653,365      14567,5213
12:07:36.734   3653,950      14569,6464
12:07:37.250   3654,466      14593,5234
12:07:37.767   3654,983      14565,3133
12:07:38.321   3655,537      14613,1923
12:07:38.839   3656,055      14588,5093
12:07:39.359   3656,575      14582,4392
12:07:39.883   3657,099      14604,3564
12:07:40.402   3657,618      14615,5707
12:07:40.922   3658,138      14586,3350
12:07:41.441   3658,657      14601,0683
12:07:41.964   3659,180      14605,2980
12:07:42.478   3659,694      14597,0655
12:07:43.016   3660,232      14555,3628
12:07:43.532   3660,748      14579,7205
12:07:44.046   3661,262      14603,4492
12:07:44.565   3661,781      14595,1435
12:07:45.088   3662,304      14586,0205
12:07:45.628   3662,844      14586,9993
12:07:46.145   3663,361      14577,6323
12:07:46.662   3663,878      14547,1125
12:07:47.214   3664,430      14550,0561
12:07:47.759   3664,975      14569,5041
12:07:48.304   3665,520      14569,0211
12:07:48.869   3666,085      14591,0232
12:07:49.388   3666,604      14587,9135
12:07:49.905   3667,121      14585,6139
12:07:50.429   3667,645      14562,1737
12:07:50.958   3668,174      14559,4960
12:07:51.474   3668,690      14573,6866
12:07:52.012   3669,228      14573,0231
12:07:52.532   3669,748      14551,6665
12:07:53.046   3670,262      14578,7518
12:07:53.586   3670,802      14577,3701
12:07:54.106   3671,322      14563,9776
12:07:54.622   3671,838      14574,1780
12:07:55.135   3672,351      14599,3159
12:07:55.681   3672,897      14584,4384
12:07:56.227   3673,443      14615,9112
12:07:56.774   3673,990      14598,9578
12:07:57.322   3674,538      14566,8137
12:07:57.847   3675,063      14572,7800
12:07:58.367   3675,583      14601,7050
12:07:58.888   3676,104      14596,0456
12:07:59.403   3676,619      14565,4553
12:07:59.945   3677,161      14603,5166
12:08:00.501   3677,717      14611,4722
12:08:01.047   3678,263      14599,9192
12:08:01.589   3678,805      14597,8056
12:08:02.111   3679,327      14594,1857
12:08:02.627   3679,843      14597,0393
12:08:03.152   3680,368      14575,5668
12:08:03.674   3680,890      14607,1473
12:08:04.193   3681,409      14598,6575
12:08:04.729   3681,945      14611,6195
12:08:05.267   3682,483      14627,6483
12:08:05.779   3682,995      14632,6362
12:08:06.333   3683,549      14618,1961
12:08:06.883   3684,099      14611,1605
12:08:07.428   3684,644      14603,7896
12:08:07.956   3685,172      14618,3566
12:08:08.474   3685,690      14595,6772
12:08:08.990   3686,206      14634,6762
12:08:09.568   3686,784      14607,3612
12:08:10.084   3687,300      14595,9283
12:08:10.602   3687,818      14611,5772
12:08:11.133   3688,349      14610,6705
12:08:11.648   3688,864      14581,1674
12:08:12.174   3689,390      14608,7117
12:08:12.701   3689,917      14589,0452
12:08:13.246   3690,462      14615,7487
12:08:13.812   3691,028      14576,2409
12:08:14.329   3691,545      14614,5445
12:08:14.853   3692,069      14627,6751
12:08:15.400   3692,616      14606,0001
12:08:15.977   3693,193      14586,5415
12:08:16.510   3693,726      14610,8143
12:08:17.029   3694,245      14610,5928
12:08:17.568   3694,784      14607,3713
12:08:18.113   3695,329      14624,5543
12:08:18.666   3695,882      14577,7703
12:08:19.193   3696,409      14613,1494
12:08:19.703   3696,919      14602,6015
12:08:20.237   3697,453      14597,3799
12:08:20.756   3697,972      14599,6980
12:08:21.274   3698,490      14605,2103
12:08:21.827   3699,043      14631,4238
12:08:22.352   3699,568      14614,4032
12:08:22.874   3700,090      14608,4353
12:08:23.454   3700,670      14620,8517
12:08:24.017   3701,233      14634,6810
12:08:24.533   3701,749      14617,1481
12:08:25.048   3702,264      14619,0260
12:08:25.590   3702,806      14639,4810
12:08:26.106   3703,322      14622,3355
12:08:26.623   3703,839      14624,3187
12:08:27.178   3704,394      14647,7288
12:08:27.712   3704,928      14607,9936
12:08:28.232   3705,448      14608,9242
12:08:28.749   3705,965      14605,5615
12:08:29.272   3706,488      14634,7320
12:08:29.813   3707,029      14628,1280
12:08:30.359   3707,575      14633,2689
12:08:30.904   3708,120      14631,1616
12:08:31.416   3708,632      14622,4632
12:08:31.969   3709,185      14634,8386
12:08:32.499   3709,715      14612,6620
12:08:33.011   3710,227      14601,4910
12:08:33.542   3710,758      14564,5098
12:08:34.088   3711,304      14627,8004
12:08:34.634   3711,850      14607,2698
12:08:35.180   3712,396      14568,7649
12:08:35.742   3712,958      14590,9297
12:08:36.267   3713,483      14573,5244
12:08:36.786   3714,002      14554,9590
12:08:37.311   3714,527      14583,2092
12:08:37.834   3715,050      14545,2117
12:08:38.353   3715,569      14559,0410
12:08:38.877   3716,093      14566,8497
12:08:39.424   3716,640      14546,7040
12:08:39.936   3717,152      14602,3257
12:08:40.453   3717,669      14588,3196
12:08:41.005   3718,221      14618,5488
12:08:41.525   3718,741      14601,0030
12:08:42.040   3719,256      14602,6936
12:08:42.576   3719,792      14639,4473
12:08:43.121   3720,337      14637,5623
12:08:43.637   3720,853      14656,5647
12:08:44.182   3721,398      14669,1883
12:08:44.731   3721,947      14668,0014
12:08:45.249   3722,465      14692,7675
12:08:45.767   3722,983      14702,5152
12:08:46.327   3723,543      14734,2658
12:08:46.860   3724,076      14715,9594
12:08:47.372   3724,588      14733,2799
12:08:47.911   3725,127      14688,0379
12:08:48.459   3725,675      14704,6593
12:08:48.981   3726,197      14697,0140
12:08:49.503   3726,719      14731,9873
12:08:50.051   3727,267      14716,7179
12:08:50.568   3727,784      14709,7650
12:08:51.088   3728,304      14720,9762
12:08:51.609   3728,825      14720,1627
12:08:52.153   3729,369      14705,6220
12:08:52.700   3729,916      14687,8583
12:08:53.247   3730,463      14697,8521
12:08:53.764   3730,980      14732,3875
12:08:54.282   3731,498      14736,1837
12:08:54.801   3732,017      14704,9056
12:08:55.324   3732,540      14695,9805
12:08:55.835   3733,051      14701,5427
12:08:56.355   3733,571      14726,2521
12:08:56.881   3734,097      14689,3817
12:08:57.428   3734,644      14686,4695
12:08:57.984   3735,200      14677,9222
12:08:58.499   3735,715      14678,1033
12:08:59.013   3736,229      14677,6637
12:08:59.548   3736,764      14672,7230
12:09:00.062   3737,278      14660,4223
12:09:00.609   3737,825      14697,4097
12:09:01.132   3738,348      14688,0078
12:09:01.648   3738,864      14674,9064
12:09:02.168   3739,384      14677,3694
12:09:02.702   3739,918      14666,5559
12:09:03.212   3740,428      14641,7389
12:09:03.744   3740,960      14672,6425
12:09:04.280   3741,496      14641,7124
12:09:04.797   3742,013      14666,0684
12:09:05.337   3742,553      14669,2213
12:09:05.897   3743,113      14655,9223
12:09:06.468   3743,684      14657,0700
12:09:07.020   3744,236      14669,5806
12:09:07.569   3744,785      14666,2007
12:09:08.093   3745,309      14695,2189
12:09:08.610   3745,826      14661,0259
12:09:09.141   3746,357      14704,2103
12:09:09.702   3746,918      14660,1978
12:09:10.216   3747,432      14668,7482
12:09:10.740   3747,956      14665,8793
12:09:11.256   3748,472      14659,7717
12:09:11.798   3749,014      14654,2318
12:09:12.342   3749,558      14666,6479
12:09:12.859   3750,075      14674,1335
12:09:13.434   3750,650      14661,0056
12:09:13.953   3751,169      14681,1812
12:09:14.496   3751,712      14644,3637
12:09:15.089   3752,305      14652,3236
12:09:15.616   3752,832      14679,4648
12:09:16.135   3753,351      14683,8011
12:09:16.662   3753,878      14653,5761
12:09:17.204   3754,420      14651,5918
12:09:17.722   3754,938      14673,5172
12:09:18.240   3755,456      14687,9461
12:09:18.785   3756,001      14693,8166
12:09:19.330   3756,546      14672,6564
12:09:19.875   3757,091      14667,3840
12:09:20.437   3757,653      14664,5519
12:09:21.002   3758,218      14638,0080
12:09:21.547   3758,763      14659,8718
12:09:22.060   3759,276      14689,3949
12:09:22.578   3759,794      14684,5442
12:09:23.120   3760,336      14651,3320
12:09:23.665   3760,881      14688,2120
12:09:24.209   3761,425      14677,7905
12:09:24.724   3761,940      14708,3397
12:09:25.242   3762,458      14675,4525
12:09:25.817   3763,033      14668,9094
12:09:26.360   3763,576      14652,6608
12:09:26.879   3764,095      14685,2636
12:09:27.408   3764,624      14672,8247
12:09:27.964   3765,180      14662,4786
12:09:28.480   3765,696      14665,4902
12:09:29.003   3766,219      14667,5413
12:09:29.580   3766,796      14643,5513
12:09:30.142   3767,358      14671,6860
12:09:30.659   3767,875      14677,5620
12:09:31.200   3768,416      14685,5703
12:09:31.749   3768,965      14671,2897
12:09:32.305   3769,521      14682,7498
12:09:32.835   3770,051      14689,4508
12:09:33.389   3770,605      14674,0553
12:09:33.910   3771,126      14647,0047
12:09:34.428   3771,644      14663,7657
12:09:34.961   3772,177      14700,3026
12:09:35.488   3772,704      14714,5534
12:09:36.021   3773,237      14682,1833
12:09:36.579   3773,795      14697,7458
12:09:37.092   3774,308      14701,2037
12:09:37.628   3774,844      14677,5036
12:09:38.179   3775,395      14701,0028
12:09:38.719   3775,935      14674,2540
12:09:39.265   3776,481      14669,0914
12:09:39.800   3777,016      14686,6641
12:09:40.315   3777,531      14696,2555
12:09:40.829   3778,045      14675,1555
12:09:41.372   3778,588      14686,1663
12:09:41.918   3779,134      14702,4491
12:09:42.452   3779,668      14709,8507
12:09:42.967   3780,183      14698,1368
12:09:43.519   3780,735      14707,4281
12:09:44.085   3781,301      14697,8857
12:09:44.600   3781,816      14664,3611
12:09:45.185   3782,401      14685,6830
12:09:45.741   3782,957      14687,1179
12:09:46.262   3783,478      14677,9628
12:09:46.786   3784,002      14669,1723
12:09:47.471   3784,687      14715,2041
12:09:48.030   3785,246      14679,8550
12:09:48.557   3785,773      14659,4015
12:09:49.095   3786,311      14737,1040
12:09:49.613   3786,829      14719,9282
12:09:50.235   3787,451      14714,8108
12:09:50.779   3787,995      14680,1201
12:09:51.368   3788,584      14732,0821
12:09:51.961   3789,177      14743,8792
12:09:52.471   3789,687      14735,5933
12:09:53.047   3790,263      14685,7039
12:09:53.648   3790,864      14725,4535
12:09:54.246   3791,462      14714,5372
12:09:54.820   3792,036      14711,3752
12:09:55.397   3792,613      14731,9643
12:09:55.965   3793,181      14707,7999
12:09:56.473   3793,689      14726,9795
12:09:56.996   3794,212      14729,6241
12:09:57.514   3794,730      14693,4187
12:09:58.038   3795,254      14734,4672
12:09:58.578   3795,794      14684,2120
12:09:59.088   3796,304      14705,2856
12:09:59.621   3796,837      14715,9407
12:10:00.180   3797,396      14719,5942
12:10:00.728   3797,944      14759,2079
12:10:01.259   3798,475      14730,9744
12:10:01.811   3799,027      14699,1084
12:10:02.396   3799,612      14733,6771
12:10:02.966   3800,182      14701,4449
12:10:03.598   3800,814      14696,7666
12:10:04.163   3801,379      14697,5931
12:10:04.689   3801,905      14720,0845
12:10:05.258   3802,474      14699,2921
12:10:05.822   3803,038      14741,2676
12:10:06.349   3803,565      14696,9275
12:10:06.941   3804,157      14723,5046
12:10:07.549   3804,765      14747,7577
12:10:08.055   3805,271      14751,7558
12:10:08.628   3805,844      14702,9688
12:10:09.231   3806,447      14743,8362
12:10:09.818   3807,034      14735,7974
12:10:10.414   3807,630      14683,3502
12:10:10.932   3808,148      14484,5906
12:10:11.451   3808,667      14698,1661
12:10:11.992   3809,208      14586,2697
12:10:12.586   3809,802      14675,3212
12:10:13.114   3810,330      14805,9598
12:10:13.697   3810,913      14533,9980
12:10:14.260   3811,476      14691,2643
12:10:14.796   3812,012      14650,3472
12:10:15.441   3812,657      14684,6889
12:10:15.991   3813,207      14722,4707
12:10:16.536   3813,752      14929,4868
12:10:17.131   3814,347      14714,4182
12:10:17.656   3814,872      14570,6194
12:10:18.248   3815,464      14521,2433
12:10:18.770   3815,986      14539,3344
12:10:19.278   3816,494      14586,5443
12:10:19.794   3817,010      14603,8651
12:10:20.342   3817,558      14591,3119
12:10:20.904   3818,120      14610,7921
12:10:21.429   3818,645      14706,9004
12:10:22.020   3819,236      14650,2852
12:10:22.560   3819,776      14621,5494
12:10:23.133   3820,349      14726,1614
12:10:23.694   3820,910      14713,8685
12:10:24.223   3821,439      14648,9977
12:10:24.798   3822,014      13448,1688
12:10:25.410   3822,626      15083,5716
12:10:25.995   3823,211      12761,1556
12:10:26.498   3823,714      12216,2470
12:10:27.111   3824,327      11681,7501
12:10:27.663   3824,879      11351,8410
12:10:28.226   3825,442      10398,3729
12:10:28.752   3825,968      10559,7785
12:10:29.276   3826,492       9747,8841
12:10:29.902   3827,118       8220,3694
12:10:30.451   3827,667       4503,2023
12:10:31.008   3828,224       3955,2754
12:10:31.533   3828,749       3985,3188
12:10:32.115   3829,331       3984,9303
12:10:32.670   3829,886       3985,1701
12:10:33.194   3830,410       3966,7858
12:10:34.091   3831,307       4000,1445
12:10:34.680   3831,896       3973,4988
12:10:35.235   3832,451       3991,9732
12:10:35.796   3833,012       3963,1431
12:10:36.332   3833,548       3977,1496
12:10:36.882   3834,098       3880,9212
12:10:37.400   3834,616        136,2612
12:10:37.904   3835,120         84,7839
12:10:38.469   3835,685         96,4752
12:10:38.975   3836,191         83,5759
12:10:39.492   3836,708         81,2374
12:10:40.038   3837,254         91,3395
12:10:40.566   3837,782        109,5456
12:10:41.145   3838,361        101,2061
12:10:41.676   3838,892         81,4993
12:10:42.226   3839,442         91,6838
12:10:42.808   3840,024         76,6330
12:10:43.335   3840,551         91,9207
12:10:43.898   3841,114        106,2911
12:10:44.491   3841,707         77,3786
12:10:45.025   3842,241         80,8400
12:10:45.617   3842,833         73,4323
12:10:46.117   3843,333         83,6805
12:10:46.708   3843,924         91,9426
12:10:47.235   3844,451         68,2366
12:10:47.762   3844,978         61,3954
12:10:48.342   3845,558        106,2852
12:10:48.911   3846,127         91,5731
12:10:49.508   3846,724         69,0159
12:10:50.065   3847,281        104,2744
12:10:50.614   3847,830         84,5179
12:10:51.137   3848,353         79,5988
12:10:51.704   3848,920         86,3429
12:10:52.207   3849,423         78,8000
12:10:52.838   3850,054         87,1552
12:10:53.401   3850,617         96,1224
12:10:53.976   3851,192         98,5482
12:10:54.508   3851,724         81,2979
12:10:55.074   3852,290         70,1267
12:10:55.600   3852,816         91,0419
12:10:56.199   3853,415         72,6870
12:10:56.748   3853,964         95,2851
12:10:57.272   3854,488         74,3583
12:10:57.839   3855,055         95,4024
12:10:58.395   3855,611         78,3902
12:10:58.895   3856,111         80,2677
12:10:59.498   3856,714         84,2671
12:11:00.091   3857,307         78,8786
12:11:00.675   3857,891         91,8586
12:11:01.208   3858,424         87,7486
12:11:01.754   3858,970         87,2924
12:11:02.309   3859,525         78,4497
12:11:02.838   3860,054         96,2669
12:11:03.439   3860,655         76,2339
12:11:03.961   3861,177         82,1698
12:11:04.564   3861,780        104,9783
12:11:05.102   3862,318         85,7941
12:11:05.657   3862,873         76,4368
12:11:06.250   3863,466         85,1954
12:11:06.761   3863,977         79,3434
12:11:07.307   3864,523         97,6162
12:11:07.813   3865,029         78,7406
12:11:08.378   3865,594         95,3734
12:11:08.880   3866,096         78,8880
12:11:09.388   3866,604         67,6387
12:11:09.932   3867,148         88,4770
12:11:10.450   3867,666         94,6614
12:11:11.041   3868,257        100,7017
12:11:11.558   3868,774        101,8653
12:11:12.151   3869,367         78,8237
12:11:12.704   3869,920        108,0215
12:11:13.263   3870,479         80,6406
12:11:13.842   3871,058         96,8866
12:11:14.358   3871,574         77,7847
12:11:14.924   3872,140         65,6704
12:11:15.493   3872,709        101,1032
12:11:16.072   3873,288         97,2451
12:11:16.628   3873,844         72,3821
12:11:17.193   3874,409         85,6040
12:11:17.775   3874,991         92,4389
12:11:18.337   3875,553         90,9797
12:11:18.882   3876,098         85,6745
12:11:19.438   3876,654         91,8591
12:11:19.966   3877,182         84,5139
12:11:20.532   3877,748         91,9771
12:11:21.097   3878,313        101,6776
12:11:21.671   3878,887        106,0409
12:11:22.173   3879,389         87,9034
12:11:22.770   3879,986         89,8147
12:11:23.355   3880,571         82,9955
12:11:23.952   3881,168        100,6883
12:11:24.484   3881,700         84,5330
12:11:25.036   3882,252         98,6043
12:11:25.601   3882,817         97,3089
12:11:26.101   3883,317        104,3987
12:11:26.704   3883,920         96,5698
12:11:27.280   3884,496         82,0918
12:11:27.849   3885,065         82,3513
12:11:28.413   3885,629        103,0954
12:11:28.966   3886,182         76,9082
12:11:29.581   3886,797         74,5815
12:11:30.105   3887,321         82,7870
12:11:30.669   3887,885        107,1394
12:11:31.238   3888,454         76,5748
12:11:31.762   3888,978         98,9820
12:11:32.376   3889,592         83,8103
12:11:32.935   3890,151        104,2783
12:11:33.468   3890,684         91,4186
12:11:33.998   3891,214         79,8821
12:11:34.557   3891,773         88,7042
12:11:35.100   3892,316         77,1014
12:11:35.667   3892,883         86,1681
12:11:36.191   3893,407        106,3212
12:11:36.792   3894,008         90,0349
12:11:37.346   3894,562         79,7166
12:11:37.901   3895,117         96,7667
12:11:38.445   3895,661         87,3231
12:11:39.008   3896,224         78,6335
12:11:39.525   3896,741         86,6599
12:11:40.053   3897,269         80,3751
12:11:40.635   3897,851         77,2344
12:11:41.198   3898,414         79,1039
12:11:41.766   3898,982         69,2476
12:11:42.326   3899,542         75,3212
12:11:42.844   3900,060         85,6849
12:11:43.452   3900,668         76,2217
12:11:43.983   3901,199         72,0483
12:11:44.595   3901,811         86,1782
12:11:45.121   3902,337         93,1858
12:11:45.676   3902,892         91,5577
12:11:46.217   3903,433         94,4193
12:11:46.783   3903,999         77,4062
12:11:47.349   3904,565        112,1828
12:11:47.923   3905,139         77,9020
12:11:48.468   3905,684         86,9937
12:11:49.037   3906,253         84,7796
12:11:49.582   3906,798         99,8895
12:11:50.106   3907,322         92,4766
12:11:50.675   3907,891        109,8010
12:11:51.239   3908,455        138,5492
12:11:51.809   3909,025         85,5197
12:11:52.334   3909,550         84,2632
12:11:52.917   3910,133        101,8839
12:11:53.516   3910,732        105,0699
12:11:54.038   3911,254         94,1326
12:11:54.585   3911,801         60,8612
12:11:55.147   3912,363         39,0393
12:11:55.648   3912,864         52,6280
12:11:56.160   3913,376         84,7133
12:11:56.686   3913,902         79,7765
12:11:57.253   3914,469         68,4713
12:11:57.802   3915,018         81,1698
12:11:58.410   3915,626         75,9561
12:11:58.934   3916,150         85,4043
12:11:59.498   3916,714         84,8056
12:12:00.021   3917,237         68,7997
12:12:00.587   3917,803         71,3295
12:12:01.194   3918,410         57,8843
12:12:01.741   3918,957         89,5989
12:12:02.300   3919,516         82,8424
12:12:02.859   3920,075         86,2417
12:12:03.379   3920,595         85,3240
12:12:03.926   3921,142         84,1752
12:12:04.525   3921,741         66,2629
12:12:05.117   3922,333         79,0612
12:12:05.634   3922,850         67,7616
12:12:06.165   3923,381         95,9895
12:12:06.695   3923,911         89,8130
12:12:07.258   3924,474         81,0969
12:12:07.815   3925,031        106,4758
12:12:08.317   3925,533        102,2508
12:12:08.958   3926,174         83,9155
12:12:09.521   3926,737         90,3940
12:12:10.077   3927,293         86,5822
12:12:10.618   3927,834         96,3111
12:12:11.190   3928,406         92,7150
12:12:11.744   3928,960         96,4466
12:12:12.307   3929,523         95,8947
12:12:12.812   3930,028         69,7667
12:12:13.320   3930,536         77,3107
12:12:13.847   3931,063         83,2136
12:12:14.388   3931,604         83,9336
12:12:14.985   3932,201         71,1799
12:12:15.551   3932,767         83,4446
12:12:16.144   3933,360         62,4313
12:12:16.657   3933,873         82,2419
12:12:17.181   3934,397         78,8270
12:12:17.762   3934,978         53,3984
12:12:18.280   3935,496         89,9906
12:12:18.825   3936,041         89,0176
12:12:19.387   3936,603         82,6238
12:12:19.953   3937,169         82,9553
12:12:20.549   3937,765         81,2702
12:12:21.088   3938,304         77,0963
12:12:21.618   3938,834        103,6865
12:12:22.178   3939,394         87,5052
12:12:22.750   3939,966         83,0107
12:12:23.318   3940,534         92,3717
12:12:23.870   3941,086         63,8883
12:12:24.474   3941,690         68,4703
12:12:24.995   3942,211         94,2119
12:12:25.557   3942,773         68,3549
12:12:26.111   3943,327         83,6035
12:12:26.702   3943,918         80,1565
12:12:27.290   3944,506         64,0523
12:12:27.820   3945,036        106,7481
12:12:28.366   3945,582         84,8019
12:12:28.891   3946,107        101,5908
12:12:29.473   3946,689         74,8965
12:12:30.003   3947,219        108,0727
12:12:30.534   3947,750         86,2502
12:12:31.120   3948,336         76,7190
12:12:31.665   3948,881         85,1673
12:12:32.227   3949,443         95,5122
12:12:32.798   3950,014         78,5224
12:12:33.345   3950,561         70,8653
12:12:33.910   3951,126         93,0808
12:12:34.461   3951,677         81,5504
12:12:35.022   3952,238         78,2265
12:12:35.527   3952,743         72,9802
12:12:36.127   3953,343        100,3371
12:12:36.676   3953,892         92,6732
12:12:37.176   3954,392         96,5273
12:12:37.789   3955,005         90,9184
12:12:38.355   3955,571         98,7685
12:12:38.858   3956,074         73,3614
12:12:39.406   3956,622         77,8643
12:12:39.923   3957,139         87,6556
12:12:40.515   3957,731         97,1461
12:12:41.015   3958,231         90,3975
12:12:41.578   3958,794         79,9081
12:12:42.131   3959,347         86,0880
12:12:42.672   3959,888         97,6913
12:12:43.294   3960,510         73,9607
12:12:43.854   3961,070         86,0743
12:12:44.419   3961,635         94,6207
12:12:44.940   3962,156         98,2717
12:12:45.495   3962,711         97,8899
12:12:46.057   3963,273         78,9246
12:12:46.575   3963,791         76,3237
12:12:47.148   3964,364        104,3512
12:12:47.676   3964,892         91,0592
12:12:48.224   3965,440         90,5748
12:12:48.787   3966,003         97,3406
12:12:49.304   3966,520         79,1257
12:12:49.871   3967,087         90,5469
12:12:50.461   3967,677         82,2979
12:12:50.977   3968,193         85,4464
12:12:51.541   3968,757        110,9629
12:12:52.070   3969,286         70,9443
12:12:52.680   3969,896         88,6317
12:12:53.216   3970,432         96,3330
12:12:53.792   3971,008         81,3165
12:12:54.337   3971,553         80,7292
12:12:54.921   3972,137         68,2191
12:12:55.473   3972,689         65,0044
12:12:56.005   3973,221         88,3233
12:12:56.548   3973,764         95,1698
12:12:57.077   3974,293         73,5821
12:12:57.601   3974,817         73,8631
12:12:58.184   3975,400         71,5064
12:12:58.749   3975,965         84,5911
12:12:59.319   3976,535         91,6735
12:12:59.888   3977,104         94,6516
12:13:00.489   3977,705         88,9553
12:13:01.005   3978,221         72,8205
12:13:01.594   3978,810        103,7450
12:13:02.146   3979,362         81,8671
12:13:02.687   3979,903         91,9702
12:13:03.284   3980,500        104,4655
12:13:03.887   3981,103         73,8307
12:13:04.432   3981,648         88,6648
12:13:04.995   3982,211         78,2127
12:13:05.548   3982,764         80,8162
12:13:06.075   3983,291         99,9053
12:13:06.643   3983,859         96,4881
12:13:07.145   3984,361         77,0126
12:13:07.741   3984,957         91,5949
12:13:08.324   3985,540         80,0272
12:13:08.891   3986,107         78,6479
12:13:09.479   3986,695         85,8619
12:13:10.022   3987,238         84,4674
12:13:10.548   3987,764         86,8808
12:13:11.118   3988,334         77,5506
12:13:11.679   3988,895         83,1849
12:13:12.250   3989,466         85,4938
12:13:12.814   3990,030         95,3521
12:13:13.402   3990,618         75,4469
12:13:13.953   3991,169         92,7478
12:13:14.494   3991,710         82,7962
12:13:15.031   3992,247         66,9227
12:13:15.586   3992,802         78,1756
12:13:16.140   3993,356         98,8952
12:13:16.682   3993,898         97,2285
12:13:17.218   3994,434         83,3459
12:13:17.747   3994,963         83,5514
12:13:18.308   3995,524         91,6151
12:13:18.873   3996,089        100,9776
12:13:19.455   3996,671         83,9027
12:13:20.002   3997,218         74,4664
12:13:20.507   3997,723         76,2355
12:13:21.088   3998,304         66,2613
12:13:21.615   3998,831         75,6036
12:13:22.117   3999,333         80,2537
12:13:22.617   3999,833         79,6036
12:13:23.122   4000,338         85,1098
12:13:23.708   4000,924         91,8975
12:13:24.278   4001,494         93,6044
12:13:24.853   4002,069         91,6167
12:13:25.415   4002,631         92,4999
12:13:25.934   4003,150         88,3921
12:13:26.504   4003,720         96,9921
12:13:27.074   4004,290         95,0375
12:13:27.615   4004,831         98,5651
12:13:28.239   4005,455         84,9500
12:13:28.785   4006,001         89,2814
12:13:29.311   4006,527         83,0288
12:13:29.876   4007,092         88,3557
12:13:30.394   4007,610         81,9397
12:13:31.014   4008,230         68,4513
12:13:31.542   4008,758         97,1150
