Time (s)	WE(1).Potential (V)	OCP value (V)
2.50523599367489	0.265655517578125	0.251495361328125
3.50523599115013	0.265167236328125	
4.50523598862537	0.264678955078125	
5.50523598610062	0.253753662109375	
6.50523598357586	0.245330810546875	
7.5052359810511	0.241180419921875	
8.50523597852634	0.239471435546875	
9.50523597600159	0.23907470703125	
10.5052359734768	0.239471435546875	
11.5052359709521	0.240234375	
12.5052359684273	0.241180419921875	
13.5052359659026	0.242218017578125	
14.5052359633778	0.2432861328125	
15.505235960853	0.244354248046875	
16.5052359583283	0.245361328125	
17.5052359558035	0.246307373046875	
18.5052359532788	0.24713134765625	
19.505235950754	0.247833251953125	
20.5052359482293	0.24847412109375	
21.5052359457045	0.2490234375	
22.5052359431797	0.249481201171875	
23.505235940655	0.2498779296875	
24.5052359381302	0.250244140625	
25.5052359356055	0.2506103515625	
26.5052359330807	0.250823974609375	
27.505235930556	0.251068115234375	
28.5052359280312	0.251251220703125	
29.5052359255064	0.25140380859375	
30.5052359229817	0.251495361328125	
31.5052359204569	0.2515869140625	
