Time (s)	WE(1).Potential (V)
222.193785439015	0.76751708984375
223.19378543649	0.76995849609375
224.193785433965	0.770263671875
225.19378543144	0.7708740234375
226.193785428916	0.77117919921875
227.193785426391	0.77117919921875
228.193785423866	0.771484375
229.193785421341	0.77178955078125
230.193785418817	0.7720947265625
231.193785416292	0.7720947265625
232.193785413767	0.77239990234375
233.193785411242	0.772705078125
234.193785408718	0.772705078125
235.193785406193	0.77301025390625
236.193785403668	0.77301025390625
237.193785401143	0.7733154296875
238.193785398619	0.7733154296875
239.193785396094	0.7733154296875
240.193785393569	0.77362060546875
241.193785391044	0.77362060546875
242.193785388519	0.77392578125
243.193785385995	0.77392578125
244.19378538347	0.77392578125
245.193785380945	0.77392578125
246.19378537842	0.77423095703125
247.193785375896	0.77423095703125
248.193785373371	0.77423095703125
249.193785370846	0.77423095703125
250.193785368321	0.77423095703125
251.193785365797	0.77423095703125
252.193785363272	0.77423095703125
253.193785360747	0.77423095703125
254.193785358222	0.77423095703125
255.193785355698	0.77423095703125
256.193785353173	0.77423095703125
257.193785350648	0.77423095703125
